PARSFILE
#FullDataName Suspension: Lateral Movement Due to Roll and Jounce`2D Y - 4 Link w/ Track Bar`Rear
#CheckBox0 0    
#CheckBox1 1    
OPT_SUSP_Y_AXLE_ROLL 1

#RingCtrl0 2D_SPLINE

! Note: if *TABLE_KEYWORD is not set to "SUSP_Y_AXLE_ROLL" then Y values read from the table will be reversed.
*TABLE_KEYWORD SUSP_Y_AXLE_ROLL

*3D_XLabel Jounce (mm)
*3D_YLabel Roll relative to axle (deg)
*3D_ZLabel Lateral movement (mm)

#DiagramTwo0
*3D_DATA 17, 17 ! columns x rows
SUSP_Y_AXLE_ROLL_CARPET 2D_SPLINE
0, -80, -70, -60, -50, -40, -30, -20, -10, 0, 10, 20, 30, 40, 50, 60, 70, 80
-4, 3.8347, 2.6486, 1.6104, 0.6487, -0.22694, -0.95582, -1.6091, -2.1771, -2.5983, -2.944, -3.2041, -3.3161, -3.3514, -3.2994, -3.0961, -2.8134, -2.4394
-3.5, 3.8426, 2.6916, 1.6716, 0.81238, -0.028614, -0.73986, -1.2906, -1.8243, -2.2281, -2.4707, -2.6965, -2.7911, -2.7222, -2.6355, -2.4146, -2.0258, -1.6165
-3, 3.7661, 2.7347, 1.7328, 0.89161, 0.16971, -0.5239, -1.0571, -1.4714, -1.858, -2.0832, -2.1888, -2.2662, -2.1798, -1.9716, -1.7331, -1.3265, -0.7936
-2.5, 3.6897, 2.7038, 1.794, 0.97084, 0.29395, -0.30794, -0.82359, -1.1931, -1.4878, -1.6957, -1.7564, -1.7412, -1.6374, -1.3837, -1.0517, -0.62712, -0.047795
-2, 3.6189, 2.6514, 1.8306, 1.0554, 0.39638, -0.11684, -0.58485, -0.93686, -1.1427, -1.303, -1.3462, -1.2416, -1.0897, -0.81824, -0.39559, 0.077683, 0.67537
-1.5, 3.561, 2.6119, 1.8092, 1.1525, 0.51128, 0.01577, -0.33382, -0.66833, -0.85665, -0.89803, -0.92367, -0.80134, -0.52966, -0.24024, 0.20068, 0.79527, 1.4117
-1, 3.4163, 2.5724, 1.7879, 1.1628, 0.62619, 0.14838, -0.16996, -0.3998, -0.57058, -0.58066, -0.50117, -0.36112, -0.057738, 0.33775, 0.79695, 1.4241, 2.1479
-0.5, 3.2581, 2.4895, 1.7665, 1.1594, 0.69771, 0.28098, -0.019685, -0.17476, -0.2845, -0.27695, -0.12236, 0.079108, 0.40044, 0.87183, 1.3932, 2.039, 2.8401
0, 3.0999, 2.3498, 1.7452, 1.1561, 0.71232, 0.41359, 0.13059, -0.0068225, 0.0015799, 0.026759, 0.19913, 0.51933, 0.85863, 1.3483, 1.9895, 2.654, 3.4742
0.5, 2.9602, 2.2284, 1.642, 1.1707, 0.74476, 0.46385, 0.29853, 0.17884, 0.20507, 0.34824, 0.53858, 0.87702, 1.3351, 1.8434, 2.5037, 3.2882, 4.1283
1, 2.7639, 2.107, 1.5387, 1.1287, 0.77721, 0.51411, 0.4098, 0.36451, 0.40856, 0.61296, 0.87803, 1.2347, 1.7546, 2.3384, 3.0179, 3.8654, 4.7823
1.5, 2.5244, 1.9722, 1.4355, 1.0435, 0.79622, 0.56437, 0.47789, 0.53672, 0.61205, 0.83444, 1.204, 1.5924, 2.1309, 2.8201, 3.5321, 4.3993, 5.4229
2, 2.2849, 1.7512, 1.3323, 0.95839, 0.72905, 0.61463, 0.54598, 0.62271, 0.81554, 1.0559, 1.4437, 1.9501, 2.5071, 3.2153, 4.0463, 4.9332, 5.9771
2.5, 2.0584, 1.5431, 1.172, 0.88584, 0.67447, 0.60771, 0.62662, 0.72132, 0.96197, 1.2901, 1.6963, 2.2511, 2.8967, 3.6242, 4.5048, 5.4814, 6.5463
3, 1.8108, 1.3404, 0.98756, 0.79209, 0.62526, 0.57648, 0.68604, 0.82532, 1.0841, 1.5033, 1.9545, 2.5282, 3.2654, 4.0389, 4.9396, 6.0092, 7.1218
3.5, 1.4907, 1.1377, 0.80307, 0.62574, 0.57604, 0.54526, 0.67288, 0.92931, 1.2063, 1.6439, 2.2127, 2.8052, 3.5618, 4.4536, 5.3745, 6.465, 7.6973
4, 1.1706, 0.85254, 0.61857, 0.45938, 0.44432, 0.51404, 0.65972, 0.95085, 1.3285, 1.7845, 2.3885, 3.0822, 3.8581, 4.7863, 5.8093, 6.9207, 8.1913
ENDTABLE

#RadioCtrl0 0    
#RadioCtrl1 0    


LOG_ENTRY Used Dataset: Suspension: Lateral Movement Due to Roll and Jounce; { Rear } 2D Y - 4 Link w/ Track Bar
#Library : Suspension: Lateral Movement Due to Roll and Jounce
#DataSet : 2D Y - 4 Link w/ Track Bar
#Category: Rear
#FileID  : LatRoll_b5b86a9e-b468-4f4f-ae37-1dd7f5e648ea
#Created : 05-18-2021 12:48:47
#Modified: 05-28-2021 14:59:10
#Product : CarSim 2024.1
#DataVer : 2024.1
#VehCode Lateral Movement

END
