PARSFILE
#FullDataName Generic Table`Left Spring Compression`4 Link w/ Track Bar
#RingCtrl0 2D_SPLINE
#CheckBox0 1    

*3D_XLabel Other wheel jounce (mm)
*3D_YLabel Wheel jounce (mm)
*3D_ZLabel Spring seat movement (mm)

#DiagramTwo0
*3D_DATA 17, 17 ! columns x rows
CMP_SPR_SEAT_CARPET 2D_SPLINE
0, -80, -70, -60, -50, -40, -30, -20, -10, 0, 10, 20, 30, 40, 50, 60, 70, 80
-80, -80.999, -79.161, -77.317, -75.473, -73.643, -71.8, -69.957, -68.12, -66.283, -64.446, -62.604, -60.767, -58.924, -57.087, -55.25, -53.407, -51.575
-70, -73.007, -71.17, -69.333, -67.496, -65.666, -63.829, -61.992, -60.156, -58.325, -56.494, -54.652, -52.82, -50.983, -49.146, -47.314, -45.477, -43.645
-60, -65.007, -63.178, -61.348, -59.518, -57.689, -55.859, -54.028, -52.198, -50.367, -48.536, -46.705, -44.874, -43.042, -41.21, -39.379, -37.547, -35.714
-50, -57.001, -55.179, -53.35, -51.52, -49.705, -47.875, -46.044, -44.228, -42.397, -40.566, -38.748, -36.916, -35.091, -33.26, -31.434, -29.602, -27.776
-40, -48.995, -47.173, -45.352, -43.529, -41.714, -39.891, -38.068, -36.251, -34.427, -32.602, -30.784, -28.959, -27.14, -25.309, -23.49, -21.664, -19.839
-30, -40.981, -39.167, -37.353, -35.538, -33.723, -31.907, -30.091, -28.274, -26.456, -24.639, -22.82, -21.002, -19.183, -17.364, -15.545, -13.726, -11.907
-20, -32.948, -31.143, -29.337, -27.53, -25.714, -23.906, -22.097, -20.28, -18.47, -16.659, -14.841, -13.03, -11.211, -9.4074, -7.5884, -5.7772, -3.9582
-10, -24.924, -23.118, -21.321, -19.521, -17.706, -15.905, -14.103, -12.286, -10.484, -8.6803, -6.8621, -5.0583, -3.2469, -1.443, 0.36841, 2.1718, 3.9907
0, -16.899, -15.102, -13.304, -11.505, -9.7048, -7.9041, -6.1023, -4.3001, -2.4974, -0.69396, 1.1097, 2.9135, 4.7175, 6.5214, 8.3252, 10.129, 11.932
10, -8.8531, -7.0559, -5.2663, -3.4751, -1.675, 0.1176, 1.9114, 3.7137, 5.5084, 7.3036, 9.1073, 10.903, 12.698, 14.502, 16.297, 18.1, 19.884
20, -0.80693, 0.99019, 2.7715, 4.5546, 6.3547, 8.1393, 9.9251, 11.727, 13.514, 15.301, 17.105, 18.892, 20.679, 22.483, 24.269, 26.063, 27.846
30, 7.2477, 9.028, 10.809, 12.592, 14.376, 16.161, 17.947, 19.733, 21.52, 23.307, 25.094, 26.881, 28.668, 30.455, 32.24, 34.025, 35.808
40, 15.318, 17.098, 18.871, 20.646, 22.43, 24.206, 25.983, 27.769, 29.547, 31.325, 33.112, 34.89, 36.677, 38.442, 40.228, 42.013, 43.772
50, 23.388, 25.169, 26.933, 28.699, 30.483, 32.25, 34.019, 35.805, 37.574, 39.343, 41.13, 42.899, 44.675, 46.441, 48.216, 49.989, 51.749
60, 31.467, 33.23, 34.994, 36.761, 38.527, 40.295, 42.064, 43.833, 45.602, 47.37, 49.139, 50.907, 52.674, 54.439, 56.204, 57.965, 59.725
70, 39.571, 41.317, 43.081, 44.847, 46.596, 48.364, 50.132, 51.882, 53.651, 55.42, 57.167, 58.935, 60.69, 62.442, 64.207, 65.968, 67.714
80, 47.667, 49.412, 51.167, 52.925, 54.674, 56.432, 58.191, 59.941, 61.7, 63.459, 65.206, 66.963, 68.706, 70.458, 72.21, 73.957, 75.703
ENDTABLE

#RadioCtrl0 0    
#RadioCtrl1 0    

*KEYWORD CMP_SPR_SEAT
*X_LABEL Wheel jounce (mm)
*Y_LABEL Spring seat movement (mm)
*X_LABEL_2 Other wheel jounce (mm)


LOG_ENTRY Used Dataset: Generic Table; { 4 Link w/ Track Bar } Left Spring Compression
#Library : Generic Table
#DataSet : Left Spring Compression
#Category: 4 Link w/ Track Bar
#FileID  : GenTab_dab81c45-1f6d-4e2e-aa91-c2048ac0fb84
#Created : 05-18-2021 12:59:42
#Modified: 05-28-2021 15:02:29
#Product : CarSim 2024.1
#DataVer : 2024.1
#VehCode table

END
