PARSFILE
#FullDataName Generic Table`Left R-Stop Compression`4 Link w/ Track Bar
#RingCtrl0 2D_SPLINE
#CheckBox0 1    

*3D_XLabel Other wheel jounce (mm)
*3D_YLabel Wheel jounce (mm)
*3D_ZLabel Rebound stop deflection (mm)

#DiagramTwo0
*3D_DATA 17, 17 ! columns x rows
CMP_RSTOP_CARPET 2D_SPLINE
0, -80, -70, -60, -50, -40, -30, -20, -10, 0, 10, 20, 30, 40, 50, 60, 70, 80
-80, -80.668, -78.239, -75.803, -73.367, -70.945, -68.508, -66.071, -63.64, -61.208, -58.775, -56.335, -53.9, -51.458, -49.02, -46.582, -44.135, -41.699
-70, -73.208, -70.779, -68.351, -65.922, -63.5, -61.07, -58.64, -56.209, -53.783, -51.356, -48.916, -46.487, -44.05, -41.613, -39.179, -36.738, -34.302
-60, -65.74, -63.32, -60.899, -58.477, -56.055, -53.632, -51.208, -48.784, -46.358, -43.931, -41.503, -39.074, -36.642, -34.21, -31.777, -29.342, -26.905
-50, -58.265, -55.853, -53.432, -51.01, -48.603, -46.18, -43.756, -41.346, -38.92, -36.493, -34.078, -31.649, -29.224, -26.792, -24.365, -21.93, -19.5
-40, -50.79, -48.378, -45.965, -43.551, -41.144, -38.729, -36.312, -33.901, -31.482, -29.062, -26.647, -24.224, -21.806, -19.374, -16.954, -14.525, -12.095
-30, -43.307, -40.903, -38.498, -36.092, -33.685, -31.277, -28.867, -26.456, -24.044, -21.63, -19.215, -16.799, -14.381, -11.962, -9.5419, -7.1195, -4.696
-20, -35.805, -33.41, -31.013, -28.615, -26.208, -23.808, -21.405, -18.994, -16.59, -14.184, -11.769, -9.3603, -6.9422, -4.5381, -2.1178, 0.29679, 2.7203
-10, -28.312, -25.916, -23.528, -21.138, -18.731, -16.338, -13.944, -11.533, -9.1361, -6.7371, -4.3222, -1.9211, 0.48953, 2.8936, 5.3063, 7.7131, 10.137
0, -20.819, -18.431, -16.043, -13.653, -11.262, -8.8692, -6.4745, -4.0788, -1.682, 0.71696, 3.117, 5.5181, 7.9212, 10.325, 12.73, 15.137, 17.545
10, -13.304, -10.917, -8.5371, -6.1552, -3.7639, -1.3798, 1.0066, 3.4023, 5.7909, 8.1816, 10.582, 12.974, 15.369, 17.773, 20.169, 22.576, 24.964
20, -5.7891, -3.4019, -1.0309, 1.3425, 3.7338, 6.1096, 8.4878, 10.883, 13.264, 15.646, 18.046, 20.431, 22.816, 25.221, 27.608, 30.005, 32.394
30, 1.7346, 4.1043, 6.4752, 8.8486, 11.223, 13.599, 15.977, 18.356, 20.737, 23.119, 25.503, 27.887, 30.273, 32.659, 35.046, 37.434, 39.823
40, 9.2729, 11.643, 14.005, 16.369, 18.744, 21.111, 23.48, 25.859, 28.23, 30.604, 32.987, 35.362, 37.748, 40.114, 42.501, 44.889, 47.254
50, 16.811, 19.181, 21.534, 23.89, 26.264, 28.622, 30.983, 33.362, 35.724, 38.088, 40.471, 42.836, 45.212, 47.578, 49.955, 52.332, 54.697
60, 24.359, 26.71, 29.063, 31.419, 33.776, 36.134, 38.494, 40.856, 43.218, 45.582, 47.946, 50.311, 52.677, 55.043, 57.409, 59.775, 62.14
70, 31.931, 34.264, 36.617, 38.972, 41.311, 43.669, 46.029, 48.371, 50.733, 53.097, 55.44, 57.805, 60.159, 62.513, 64.879, 67.244, 69.596
80, 39.494, 41.827, 44.17, 46.517, 48.855, 51.203, 53.554, 55.896, 58.248, 60.601, 62.944, 65.299, 67.641, 69.995, 72.348, 74.7, 77.052
ENDTABLE

#RadioCtrl0 0    
#RadioCtrl1 0    

*KEYWORD CMP_RSTOP
*X_LABEL Wheel jounce (mm)
*Y_LABEL Rebound stop deflection (mm)
*X_LABEL_2 Other wheel jounce (mm)


#EMBEDDED_NOTES
#The rebound stop is assumed to be collinear with the shock absorber axis, so the kinematics data is identical to that of the shock.
#
#The actual engagement point of the rebound stop is established elsewhere.
#END_EMBEDDED_NOTES

LOG_ENTRY Used Dataset: Generic Table; { 4 Link w/ Track Bar } Left R-Stop Compression
#Library : Generic Table
#DataSet : Left R-Stop Compression
#Category: 4 Link w/ Track Bar
#FileID  : GenTab_dc4bf1bb-a9d9-4d8c-9cb1-4b265d644ac5
#Created : 05-18-2021 13:00:14
#Modified: 05-28-2021 15:02:29
#Product : CarSim 2024.1
#DataVer : 2024.1
#VehCode table

END
