PARSFILE
#FullDataName Powertrain: Engine`Honda CB250F Twister Engine`250cc
#RingCtrl0 CARPET
#CheckBox0 1    
OPT_THROTTLE_DELAY 1

*3D_XLabel Throttle (-)
*3D_YLabel Engine speed (rpm)
*3D_ZLabel Engine torque (N-m)

#DiagramTwo0
*3D_DATA 11, 25 ! columns x rows
MENGINE_CARPET 2D_LINEAR
0, 0, 0.166666666667, 0.222222222222, 0.277777777778, 0.333333333333, 0.388888888889, 0.444444444444, 0.555555555556, 0.666666666667, 0.777777777778, 1
900, 2.016227, 6.06989682036, 10.1147372003, 11.9915337979, 15.4123900421, 17.0039309524, 17.7832088141, 17.714143438, 18.0727404888, 17.6064213601, 17.4725505487
1500, 0, 5.29354935384, 10.7593925171, 12.7180548458, 15.6717924907, 17.167232197, 18.0004692486, 18.2954613206, 18.9854562569, 18.8228397048, 19.0522059185
1784.17266187, -0.321709786571, 4.00399283721, 8.88950790698, 13.062150546, 15.6866386047, 17.2033025581, 18.0557932449, 18.5899667442, 18.9366327907, 19.0666325581, 19.1966323256
1943.16546763, -0.501704376019, 3.28249412791, 7.84331930233, 12.1804129929, 15.171591907, 16.8762063691, 17.8715256618, 18.7480951163, 19.1244102326, 19.326632093, 19.4999651163
2640.28776978, -1.29091142206, 1.25233109302, 4.30443674419, 8.48383898983, 12.6603377121, 15.3672564599, 17.0635831819, 19.2399655814, 19.995890155, 20.390560538, 20.6699630233
3606.47482014, -2.08396372518, -0.614026985296, 1.871354677, 4.93530648649, 8.71431774419, 12.5250796346, 15.2955559709, 18.7929199676, 20.4248592951, 21.1702072264, 21.7532944186
4401.43884892, -2.58970076115, -1.7787557514, 0.512623196437, 2.97332801431, 6.03570348837, 9.840162577, 13.2333096601, 17.7233016279, 20.1028625885, 21.2224620349, 22.2299602326
4743.88489209, -2.70412090504, -1.8795391184, -0.0469157596876, 2.30430960328, 5.12332416816, 8.72520961659, 12.2341277741, 17.0594034445, 19.7863414156, 21.0707956395, 22.3166267442
4915.10791367, -2.7404302307, -2.07559824953, -0.302507623062, 1.97123830369, 4.7149915653, 8.18379488372, 11.6769859136, 16.7274543528, 19.6280808291, 20.9949624419, 22.2299602326
5526.61870504, -2.87010639376, -2.03661832964, -1.09409264184, 0.748483509514, 3.34532734884, 6.39488217714, 9.74664923077, 15.4103890988, 18.7189927306, 20.3947382904, 22.0132939535
5783.45323741, -2.92457038225, -2.02024676328, -1.37269845772, 0.264984170241, 2.82395133449, 5.71722381494, 8.97665060823, 14.78399871, 18.2486564933, 20.050414582, 21.7966276744
6076.97841727, -2.9758894964, -2.00153640173, -1.37301977705, -0.228327989521, 2.23105519887, 4.97324691725, 8.10331883721, 14.0187170601, 17.711129365, 19.6569017725, 21.4932948837
6309.35251799, -2.99218589209, -1.98672403217, -1.37327415485, -0.269995387862, 1.7616790915, 4.40840296647, 7.41720895349, 13.4069998256, 17.2410444261, 19.3453707982, 21.2332953488
6615.10791367, -3.01362851799, -1.96723407223, -1.37360886248, -0.324820911994, 1.14407895023, 3.66518724175, 6.53292164651, 12.5364656686, 16.4955260465, 18.8524007316, 20.8432960465
6957.55395683, -3.03764425899, -1.94540531709, -1.37398373503, -0.386225499023, 0.452366792002, 2.83278563007, 5.58652333953, 11.5614674128, 15.6605454614, 18.1025893389, 20.3232969767
7238.84892086, -3.05737147482, -1.92747455394, -1.37429166605, -0.436664981224, 0.0441729598546, 2.24088251608, 4.82810081569, 10.7391112235, 14.9746685521, 17.4866728377, 19.8466311628
7495.68345324, -3.07538328058, -1.91110298758, -1.37457282047, -0.482718421495, -0.310146574368, 1.70843666007, 4.16257961819, 9.98737343782, 14.28553, 16.9243142932, 19.326632093
7789.20863309, -3.09125974029, -1.89239262603, -1.3748941398, -0.535350924662, -0.372901175526, 1.09992711034, 3.4019839639, 9.12824453994, 13.4188648837, 16.1551794331, 18.6766332558
8107.1942446, -3.10838310647, -1.87212306769, -1.37524223573, -0.59236946976, -0.440885326781, 0.44070843147, 2.61443976744, 8.15748540698, 12.4799776744, 15.2397644041, 17.8966346512
8351.79856115, -3.12155492662, -1.85653109973, -1.37551000184, -0.636229889066, -0.493180827747, 0.339323202727, 2.03666302326, 7.40818119186, 11.7577567442, 14.5355989971, 17.246635814
8645.32374101, -3.13736111079, -1.83782073818, -1.37583132117, -0.688862392233, -0.555935428905, 0.217660928237, 1.34333093023, 6.50901613372, 10.8910916279, 13.6906005087, 16.5533037209
8841.00719424, -3.14789856691, -1.82534716382, -1.37604553406, -0.723950727678, -0.597771829677, 0.136552745243, 0.881109534884, 5.90957276163, 10.3133148837, 13.1272681831, 16.0333046512
8987.76978417, -3.15580165899, -1.81599198304, -1.37620619372, -0.750266979261, -0.629149130256, 0.0757216079978, 0.534443488372, 5.45999023256, 9.87998232558, 12.704768939, 15.599972093
9500, -3.183385, -1.78334056779, -1.37676692745, -0.842115857337, -0.73866206169, -0.136590988662, 0.255230035746, 4.46242584141, 8.23779803066, 10.6506124874, 13.123938993
12500, -3.288579, -1.59210966667, -1.380051, -1.380051, -1.380051, -1.380051, -1.380051, -1.380051, -1.380051, -1.380051, -1.377547
ENDTABLE

#RadioCtrl0 0    
#RadioCtrl1 0    

TC_TH_APP 0.12
TC_TH_RELEASE 0.05
AV_ENG_IDLE 1450
IENG 0.0143
PARSFILE Powertrain\Fuel_Rate\FuelRate_2dc4400d-4ea3-4d4d-8de9-69abf61912b0.par
#BlueLink0 Powertrain: Fuel Consumption Rate`250cc` ` , Fuel Rate`FuelRate_2dc4400d-4ea3-4d4d-8de9-69abf61912b0


LOG_ENTRY Used Dataset: Powertrain: Engine; { 250cc } Honda CB250F Twister Engine
#Library : Powertrain: Engine
#DataSet : Honda CB250F Twister Engine
#Category: 250cc
#FileID  : Engine_048f8c67-137e-4b23-acf2-378ad7c7802f
#Created : 12-22-2022 18:15:02
#Modified: 12-23-2022 09:28:04
#Product : CarSim 2024.1
#DataVer : 2024.1
#VehCode 2D Table 

END
