PARSFILE
#FullDataName Suspension: Longitudinal Movement (Solid Axle)`2D X - 4 Link w/ Track Bar`Rear
#CheckBox0 0    

#RingCtrl0 2D_SPLINE
#RadioCtrl0 0    
#RadioCtrl1 0    

*3D_XLabel Roll relative to axle (deg)
*3D_YLabel Suspension cmp. (jounce) (mm)
*3D_ZLabel Forward X movement (mm)

#DiagramTwo0
*3D_DATA 17, 17 ! columns x rows
SUSP_X_AXLE_CARPET 2D_SPLINE
0, -4, -3.5, -3, -2.5, -2, -1.5, -1, -0.5, 0, 0.5, 1, 1.5, 2, 2.5, 3, 3.5, 4
-80, 4.0733, 3.8137, 3.6402, 3.4667, 3.3036, 3.1649, 3.1157, 3.0804, 3.0451, 3.0447, 3.1031, 3.2063, 3.3095, 3.437, 3.6028, 3.8446, 4.0864
-70, 3.2695, 3.0274, 2.7854, 2.619, 2.4907, 2.3869, 2.283, 2.2238, 2.2234, 2.2577, 2.292, 2.3403, 2.4783, 2.6405, 2.8132, 2.9858, 3.245
-60, 2.5483, 2.3409, 2.1335, 1.9262, 1.76, 1.6909, 1.6217, 1.5525, 1.4833, 1.5523, 1.6212, 1.6902, 1.7591, 1.9252, 2.1324, 2.3397, 2.547
-50, 1.982, 1.7227, 1.55, 1.3772, 1.2149, 1.0767, 1.0282, 0.99366, 0.95911, 0.95912, 1.0179, 1.1215, 1.225, 1.3528, 1.5188, 1.7607, 2.0026
-40, 1.5597, 1.3175, 1.0754, 0.9094, 0.78158, 0.67798, 0.57439, 0.5156, 0.51562, 0.55019, 0.58476, 0.63329, 0.77143, 0.93385, 1.1066, 1.2794, 1.5386
-30, 1.2181, 1.0105, 0.80284, 0.59521, 0.42889, 0.35981, 0.29073, 0.22165, 0.15256, 0.2217, 0.29083, 0.35996, 0.4291, 0.59529, 0.80273, 1.0102, 1.2176
-20, 1.0307, 0.77015, 0.59698, 0.42382, 0.26096, 0.12227, 0.07367, 0.039111, 0.0045537, 0.0045653, 0.063458, 0.16722, 0.27097, 0.39909, 0.56538, 0.80761, 1.0499
-10, 0.98652, 0.74287, 0.49923, 0.33242, 0.20404, 0.099881, -0.0042826, -0.063396, -0.063384, -0.028714, 0.0059575, 0.054632, 0.19312, 0.35606, 0.52942, 0.70278, 0.96268
0, 1.022, 0.81286, 0.60368, 0.39451, 0.22696, 0.1574, 0.08783, 0.018265, -0.0513, 0.018165, 0.087631, 0.1571, 0.22656, 0.39356, 0.602, 0.81044, 1.0189
10, 1.2119, 0.94864, 0.774, 0.59936, 0.43507, 0.29508, 0.24605, 0.2112, 0.17636, 0.1764, 0.23569, 0.34013, 0.44458, 0.57372, 0.74127, 0.98504, 1.2288
20, 1.5452, 1.2988, 1.0524, 0.88387, 0.75427, 0.64907, 0.54388, 0.4842, 0.48424, 0.51938, 0.55452, 0.60376, 0.74341, 0.90797, 1.0831, 1.2583, 1.5203
30, 1.958, 1.7463, 1.5346, 1.3229, 1.1533, 1.0831, 1.013, 0.94276, 0.87257, 0.94308, 1.0136, 1.0841, 1.1546, 1.3237, 1.5347, 1.7458, 1.9568
40, 2.5265, 2.2594, 2.0825, 1.9057, 1.7394, 1.5977, 1.5484, 1.5134, 1.4785, 1.4791, 1.5396, 1.6459, 1.7521, 1.8836, 2.054, 2.3013, 2.5486
50, 3.24, 2.9898, 2.7396, 2.5688, 2.4377, 2.3314, 2.2251, 2.1651, 2.1657, 2.2022, 2.2387, 2.2895, 2.4318, 2.5998, 2.7786, 2.9575, 3.224
60, 4.0336, 3.8186, 3.6036, 3.3887, 3.2168, 3.1463, 3.0757, 3.0052, 2.9347, 3.0076, 3.0805, 3.1534, 3.2262, 3.3995, 3.6155, 3.8314, 4.0474
70, 4.9858, 4.7137, 4.5343, 4.3549, 4.1863, 4.0429, 3.9938, 3.9595, 3.9251, 3.9274, 3.9907, 4.1004, 4.2101, 4.3462, 4.5219, 4.7755, 5.0292
80, 6.0861, 5.8311, 5.5762, 5.4029, 5.2704, 5.1634, 5.0564, 4.9967, 4.999, 5.0385, 5.0779, 5.1319, 5.2791, 5.453, 5.6384, 5.8237, 6.098
ENDTABLE



LOG_ENTRY Used Dataset: Suspension: Longitudinal Movement (Solid Axle); { Rear } 2D X - 4 Link w/ Track Bar
#Library : Suspension: Longitudinal Movement (Solid Axle)
#DataSet : 2D X - 4 Link w/ Track Bar
#Category: Rear
#FileID  : LongSA_791c6a3a-b5c2-4bcd-8f35-1badb24cbe62
#Created : 05-18-2021 12:48:19
#Modified: 05-28-2021 14:59:09
#Product : CarSim 2024.1
#DataVer : 2024.1
#VehCode X Movement (Solid Axle)

END
