PARSFILE
#FullDataName Surface: Roughness Profiles`Rough Road 04 - 55 in/mi (0.87 m/km)`Rough Road - Sample Data Edited
#CheckBox0 0    

#RingCtrl0 LINEAR_LOOP
#DiagramOne0
ISIDE 1
Z_PROFILE_TABLE LINEAR_LOOP
-2, -0.04
-1.9, 0.14
-1.8, 0.26
-1.7, 0.37
-1.6, 0.45
-1.5, 0.43
-1.4, 0.48
-1.3, 0.61
-1.2, 0.83
-1.1, 0.9
-1, 0.78
-0.9, 0.76
-0.8, 0.85
-0.7, 1.01
-0.6, 1.02
-0.5, 0.9
-0.4, 0.91
-0.3, 0.89
-0.2, 1.04
-0.1, 0.99
0, 0.97
0.1, 0.9
0.2, 0.95
0.3, 1.04
0.4, 1.2
0.5, 1.11
0.6, 1.24
0.7, 1.29
0.8, 1.28
0.9, 1.41
1, 1.41
1.1, 1.38
1.2, 1.41
1.3, 1.5
1.4, 1.46
1.5, 1.5
1.6, 1.47
1.7, 1.42
1.8, 1.59
1.9, 1.76
2, 1.86
2.1, 1.74
2.2, 1.63
2.3, 1.64
2.4, 1.69
2.5, 1.78
2.6, 1.77
2.7, 1.71
2.8, 1.6
2.9, 1.51
3, 1.56
3.1, 1.55
3.2, 1.42
3.3, 1.47
3.4, 1.53
3.5, 1.66
3.6, 1.53
3.7, 1.45
3.8, 1.35
3.9, 1.33
4, 1.44
4.1, 1.38
4.2, 1.13
4.3, 1.05
4.4, 1.06
4.5, 1.07
4.6, 1.06
4.7, 1.04
4.8, 0.95
4.9, 0.83
5, 0.84
5.1, 0.95
5.2, 1.08
5.3, 0.89
5.4, 0.48
5.5, 0.43
5.6, 0.5
5.7, 0.59
5.8, 0.59
5.9, 0.55
6, 0.47
6.1, 0.37
6.2, 0.38
6.3, 0.38
6.4, 0.37
6.5, 0.26
6.6, 0.25
6.7, 0.18
6.8, -0.06
6.9, -0.12
7, -0.01
7.1, 0
7.2, -0.12
7.3, -0.24
7.4, -0.35
7.5, -0.21
7.6, -0.28
7.7, -0.4
7.8, -0.82
7.9, -1.41
8, -1.91
8.1, -2.16
8.2, -2.12
8.3, -1.99
8.4, -1.78
8.5, -1.64
8.6, -1.41
8.7, -1.43
8.8, -1.55
8.9, -1.49
9, -1.28
9.1, -1.21
9.2, -1.37
9.3, -1.55
9.4, -1.5
9.5, -1.41
9.6, -1.43
9.7, -1.55
9.8, -1.63
9.9, -1.63
10, -1.58
10.1, -1.59
10.2, -1.67
10.3, -1.67
10.4, -1.65
10.5, -1.5
10.6, -1.44
10.7, -1.49
10.8, -1.5
10.9, -1.58
11, -1.5
11.1, -1.41
11.2, -1.18
11.3, -1.12
11.4, -1.04
11.5, -0.93
11.6, -0.81
11.7, -0.7
11.8, -0.74
11.9, -0.83
12, -0.8
12.1, -0.84
12.2, -0.76
12.3, -0.78
12.4, -0.74
12.5, -0.71
12.6, -0.64
12.7, -0.85
12.8, -0.96
12.9, -0.96
13, -0.8
13.1, -0.57
13.2, -0.57
13.3, -0.54
13.4, -0.52
13.5, -0.27
13.6, -0.08
13.7, 0
13.8, 0
13.9, -0.02
14, -0.05
14.1, 0.12
14.2, 0.2
14.3, 0.23
14.4, 0.24
14.5, 0.15
14.6, 0.16
14.7, 0.22
14.8, 0.41
14.9, 0.5
15, 0.64
15.1, 0.44
15.2, 0.35
15.3, 0.15
15.4, 0.12
15.5, -0.15
15.6, -0.34
15.7, -0.24
15.8, -0.32
15.9, -0.27
16, -0.35
16.1, -0.31
16.2, -0.39
16.3, -0.54
16.4, -0.49
16.5, -0.39
16.6, -0.1
16.7, -0.09
16.8, -0.06
16.9, -0.02
17, 0.01
17.1, 0.4
17.2, 0.71
17.3, 0.74
17.4, 0.8
17.5, 1.02
17.6, 1.36
17.7, 1.48
17.8, 1.57
17.9, 1.52
18, 1.51
18.1, 1.71
18.2, 1.88
18.3, 2.02
18.4, 1.91
18.5, 1.9
18.6, 1.86
18.7, 2.04
18.8, 2.16
18.9, 2.15
19, 2.31
19.1, 2.44
19.2, 2.48
19.3, 2.32
19.4, 2.28
19.5, 2.68
19.6, 2.94
19.7, 3.06
19.8, 3.08
19.9, 3.33
20, 3.63
20.1, 3.66
20.2, 3.5
20.3, 3.43
20.4, 3.4
20.5, 3.44
20.6, 3.42
20.7, 3.33
20.8, 3.58
20.9, 3.78
21, 3.84
21.1, 3.76
21.2, 3.62
21.3, 3.69
21.4, 3.75
21.5, 3.76
21.6, 3.65
21.7, 3.73
21.8, 3.83
21.9, 3.7
22, 3.56
22.1, 3.47
22.2, 3.57
22.3, 3.58
22.4, 3.57
22.5, 3.62
22.6, 3.78
22.7, 3.85
22.8, 3.84
22.9, 3.87
23, 3.81
23.1, 3.83
23.2, 3.8
23.3, 3.91
23.4, 3.83
23.5, 3.73
23.6, 3.53
23.7, 3.56
23.8, 3.9
23.9, 4.1
24, 4.09
24.1, 3.88
24.2, 3.49
24.3, 3.27
24.4, 3.14
24.5, 3.06
24.6, 2.78
24.7, 2.66
24.8, 2.87
24.9, 2.86
25, 2.69
25.1, 2.72
25.2, 2.74
25.3, 2.76
25.4, 2.6
25.5, 2.4
25.6, 2.3
25.7, 2.12
25.8, 2.3
25.9, 2.35
26, 2.36
26.1, 2.42
26.2, 2.47
26.3, 2.5
26.4, 2.43
26.5, 2.39
26.6, 2.49
26.7, 2.55
26.8, 2.48
26.9, 2.38
27, 2.4
27.1, 2.48
27.2, 2.69
27.3, 2.83
27.4, 2.77
27.5, 2.6
27.6, 2.63
27.7, 2.5
27.8, 2.26
27.9, 2.05
28, 1.9
28.1, 1.87
28.2, 1.85
28.3, 1.82
28.4, 1.73
28.5, 1.84
28.6, 1.86
28.7, 1.68
28.8, 1.61
28.9, 1.71
29, 1.82
29.1, 1.68
29.2, 1.52
29.3, 1.55
29.4, 1.71
29.5, 1.65
29.6, 1.45
29.7, 1.35
29.8, 1.37
29.9, 1.27
30, 1.16
30.1, 1
30.2, 0.93
30.3, 0.8
30.4, 0.63
30.5, 0.45
30.6, 0.54
30.7, 0.56
30.8, 0.56
30.9, 0.49
31, 0.44
31.1, 0.33
31.2, 0.2
31.3, 0.22
31.4, 0.12
31.5, -0.06
31.6, -0.23
31.7, -0.22
31.8, -0.34
31.9, -0.48
32, -0.55
32.1, -0.73
32.2, -0.71
32.3, -0.8
32.4, -0.94
32.5, -1.18
32.6, -1.41
32.7, -1.45
32.8, -1.5
32.9, -1.39
33, -1.33
33.1, -1.31
33.2, -1.36
33.3, -1.58
33.4, -1.65
33.5, -1.67
33.6, -1.68
33.7, -1.68
33.8, -1.71
33.9, -1.69
34, -1.84
34.1, -1.74
34.2, -1.68
34.3, -1.64
34.4, -1.79
34.5, -1.69
34.6, -1.75
34.7, -1.81
34.8, -1.8
34.9, -1.95
35, -1.72
35.1, -1.62
35.2, -1.54
35.3, -1.73
35.4, -1.8
35.5, -2.08
35.6, -1.91
35.7, -1.68
35.8, -1.77
35.9, -1.83
36, -1.72
36.1, -1.65
36.2, -1.71
36.3, -1.84
36.4, -1.87
36.5, -1.89
36.6, -1.92
36.7, -1.83
36.8, -1.79
36.9, -1.92
37, -1.9
37.1, -2.15
37.2, -2.44
37.3, -2.35
37.4, -1.99
37.5, -1.92
37.6, -1.83
37.7, -1.61
37.8, -1.6
37.9, -1.47
38, -1.49
38.1, -1.31
38.2, -1.12
38.3, -1.15
38.4, -1.08
38.5, -1.1
38.6, -1.02
38.7, -0.96
38.8, -0.74
38.9, -0.45
39, -0.22
39.1, -0.15
39.2, 0
39.3, 0.18
39.4, 0.35
39.5, 0.2
39.6, 0.07
39.7, 0.36
39.8, 0.69
39.9, 1.03
40, 1.15
40.1, 1.29
40.2, 1.29
40.3, 1.25
40.4, 1.19
40.5, 1.33
40.6, 1.52
40.7, 1.48
40.8, 1.3
40.9, 1.1
41, 0.94
41.1, 1
41.2, 1.07
41.3, 1.31
41.4, 1.67
41.5, 2.14
41.6, 2.42
41.7, 2.61
41.8, 2.8
41.9, 3.07
42, 3.26
42.1, 3.33
42.2, 3.38
42.3, 3.52
42.4, 3.53
42.5, 3.46
42.6, 3.48
42.7, 3.71
42.8, 3.91
42.9, 4.15
43, 4.18
43.1, 3.99
43.2, 3.87
43.3, 4.04
43.4, 4.36
43.5, 4.51
43.6, 4.39
43.7, 4.35
43.8, 4.26
43.9, 4.21
44, 4.34
44.1, 4.52
44.2, 4.3
44.3, 4.26
44.4, 4.15
44.5, 4.14
44.6, 3.95
44.7, 3.96
44.8, 4.01
44.9, 4.05
45, 4.11
45.1, 4.18
45.2, 4.13
45.3, 4.05
45.4, 3.97
45.5, 3.89
45.6, 3.83
45.7, 3.87
45.8, 3.96
45.9, 3.91
46, 3.72
46.1, 3.41
46.2, 3.04
46.3, 2.92
46.4, 2.91
46.5, 2.78
46.6, 2.72
46.7, 2.78
46.8, 2.83
46.9, 2.85
47, 2.72
47.1, 2.58
47.2, 2.55
47.3, 2.42
47.4, 2.36
47.5, 2.32
47.6, 2.15
47.7, 1.98
47.8, 1.96
47.9, 1.95
48, 1.91
48.1, 1.82
48.2, 1.71
48.3, 1.65
48.4, 1.41
48.5, 1.27
48.6, 1.1
48.7, 1.04
48.8, 0.79
48.9, 0.63
49, 0.19
49.1, 0.07
49.2, -0.01
49.3, -0.04
49.4, -0.29
49.5, -0.46
49.6, -0.49
49.7, -0.72
49.8, -0.87
49.9, -1.14
50, -1.32
50.1, -1.43
50.2, -1.51
50.3, -1.73
50.4, -1.76
50.5, -1.78
50.6, -1.92
50.7, -2.07
50.8, -2.15
50.9, -2.31
51, -2.66
51.1, -2.71
51.2, -2.69
51.3, -2.71
51.4, -2.96
51.5, -3.17
51.6, -3.28
51.7, -3.6
51.8, -3.83
51.9, -3.98
52, -3.97
52.1, -4.1
52.2, -4.22
52.3, -4.19
52.4, -4.21
52.5, -4.3
52.6, -4.5
52.7, -4.69
52.8, -4.8
52.9, -4.87
53, -5.04
53.1, -5.03
53.2, -5.02
53.3, -5.26
53.4, -5.42
53.5, -5.43
53.6, -5.49
53.7, -5.55
53.8, -5.53
53.9, -5.5
54, -5.5
54.1, -5.51
54.2, -5.57
54.3, -5.75
54.4, -5.9
54.5, -5.98
54.6, -5.92
54.7, -5.86
54.8, -5.72
54.9, -5.73
55, -5.75
55.1, -5.78
55.2, -5.81
55.3, -5.9
55.4, -5.88
55.5, -5.78
55.6, -5.81
55.7, -5.9
55.8, -6.01
55.9, -5.98
56, -6
56.1, -6.2
56.2, -6.33
56.3, -6.26
56.4, -6.11
56.5, -6.12
56.6, -6.16
56.7, -6.02
56.8, -5.93
56.9, -5.92
57, -5.99
57.1, -6.03
57.2, -6.14
57.3, -6.09
57.4, -5.96
57.5, -5.9
57.6, -5.64
57.7, -5.24
57.8, -5.03
57.9, -5.03
58, -5.16
58.1, -5.13
58.2, -4.96
58.3, -4.87
58.4, -4.84
58.5, -4.85
58.6, -4.83
58.7, -4.81
58.8, -4.86
58.9, -4.83
59, -4.77
59.1, -4.8
59.2, -4.98
59.3, -5.21
59.4, -5.39
59.5, -5.37
59.6, -5.26
59.7, -5.2
59.8, -5.13
59.9, -5.01
60, -4.97
60.1, -5.03
60.2, -5.14
60.3, -4.94
60.4, -4.81
60.5, -4.78
60.6, -4.79
60.7, -4.82
60.8, -4.81
60.9, -4.81
61, -4.82
61.1, -4.87
61.2, -4.97
61.3, -5.03
61.4, -4.91
61.5, -4.79
61.6, -4.91
61.7, -4.89
61.8, -4.94
61.9, -4.91
62, -4.93
62.1, -4.94
62.2, -4.98
62.3, -5.22
62.4, -5.22
62.5, -5.12
62.6, -5.12
62.7, -5.23
62.8, -5.27
62.9, -5.28
63, -5.38
63.1, -5.57
63.2, -5.73
63.3, -5.78
63.4, -5.68
63.5, -5.76
63.6, -5.82
63.7, -5.88
63.8, -6.11
63.9, -6.05
64, -5.96
64.1, -5.91
64.2, -6.07
64.3, -6.14
64.4, -6.27
64.5, -6.46
64.6, -6.66
64.7, -6.78
64.8, -6.85
64.9, -6.86
65, -6.98
65.1, -7.05
65.2, -7.22
65.3, -7.36
65.4, -7.44
65.5, -7.59
65.6, -7.71
65.7, -7.93
65.8, -8.04
65.9, -8.13
66, -8.14
66.1, -8.31
66.2, -8.57
66.3, -8.81
66.4, -8.91
66.5, -8.95
66.6, -9.03
66.7, -9.34
66.8, -9.6
66.9, -9.78
67, -9.58
67.1, -9.57
67.2, -9.55
67.3, -9.69
67.4, -9.84
67.5, -10.31
67.6, -10.65
67.7, -10.86
67.8, -10.77
67.9, -10.9
68, -11
68.1, -10.85
68.2, -10.74
68.3, -10.7
68.4, -10.92
68.5, -11.08
68.6, -11.2
68.7, -11.17
68.8, -11.21
68.9, -11.15
69, -11.02
69.1, -11.06
69.2, -11.2
69.3, -11.19
69.4, -11.18
69.5, -11.24
69.6, -11.17
69.7, -11.05
69.8, -11
69.9, -10.99
70, -11.02
70.1, -11
70.2, -10.96
70.3, -10.95
70.4, -10.89
70.5, -10.82
70.6, -10.82
70.7, -10.85
70.8, -11.06
70.9, -11.18
71, -11.22
71.1, -11.27
71.2, -11.21
71.3, -11.11
71.4, -11.13
71.5, -11.11
71.6, -11.01
71.7, -10.95
71.8, -10.89
71.9, -10.78
72, -10.64
72.1, -10.48
72.2, -10.36
72.3, -10.41
72.4, -10.4
72.5, -10.32
72.6, -10.29
72.7, -10.18
72.8, -10.04
72.9, -9.94
73, -9.82
73.1, -9.6
73.2, -9.38
73.3, -9.5
73.4, -9.49
73.5, -9.35
73.6, -9.21
73.7, -8.99
73.8, -8.97
73.9, -8.97
74, -8.83
74.1, -8.69
74.2, -8.46
74.3, -8.42
74.4, -8.43
74.5, -8.32
74.6, -8.33
74.7, -8.27
74.8, -8.35
74.9, -8.32
75, -8.42
75.1, -8.32
75.2, -8.18
75.3, -7.9
75.4, -7.8
75.5, -7.57
75.6, -7.47
75.7, -7.34
75.8, -7.16
75.9, -7.07
76, -7.12
76.1, -7.04
76.2, -6.86
76.3, -6.62
76.4, -6.52
76.5, -6.28
76.6, -6.16
76.7, -6
76.8, -5.77
76.9, -5.67
77, -5.54
77.1, -5.41
77.2, -5.17
77.3, -5.13
77.4, -5.08
77.5, -4.99
77.6, -5
77.7, -5
77.8, -4.7
77.9, -4.63
78, -4.51
78.1, -4.42
78.2, -4.36
78.3, -4.09
78.4, -3.88
78.5, -3.64
78.6, -3.55
78.7, -3.44
78.8, -3.42
78.9, -3.26
79, -3.16
79.1, -3.05
79.2, -3.01
79.3, -2.78
79.4, -2.53
79.5, -2.6
79.6, -2.46
79.7, -2.34
79.8, -2.09
79.9, -1.82
80, -1.63
80.1, -1.62
80.2, -1.55
80.3, -1.33
80.4, -1.37
80.5, -1.47
80.6, -1.27
80.7, -1.04
80.8, -0.78
80.9, -0.57
81, -0.42
81.1, -0.4
81.2, -0.46
81.3, -0.33
81.4, 0.27
81.5, 1.06
81.6, 1.57
81.7, 1.66
81.8, 1.34
81.9, 1.19
82, 1.26
82.1, 1.28
82.2, 1.08
82.3, 0.95
82.4, 1.18
82.5, 1.49
82.6, 1.72
82.7, 1.66
82.8, 1.9
82.9, 1.9
83, 1.73
83.1, 1.78
83.2, 1.99
83.3, 2.14
83.4, 2.34
83.5, 2.47
83.6, 2.6
83.7, 2.72
83.8, 2.78
83.9, 2.94
84, 3.03
84.1, 3.18
84.2, 3.07
84.3, 3.11
84.4, 3.17
84.5, 3.38
84.6, 3.65
84.7, 4.01
84.8, 4.47
84.9, 4.85
85, 5.04
85.1, 5.28
85.2, 5.44
85.3, 5.49
85.4, 5.43
85.5, 5.37
85.6, 5.4
85.7, 5.47
85.8, 5.54
85.9, 5.64
86, 5.82
86.1, 6.03
86.2, 6.2
86.3, 6.27
86.4, 6.33
86.5, 6.5
86.6, 6.85
86.7, 7.15
86.8, 7.35
86.9, 7.5
87, 7.65
87.1, 7.78
87.2, 8.01
87.3, 8.15
87.4, 8.42
87.5, 8.6
87.6, 8.71
87.7, 8.81
87.8, 9.09
87.9, 9.27
88, 9.33
88.1, 9.41
88.2, 9.48
88.3, 9.52
88.4, 9.61
88.5, 10.06
88.6, 10.25
88.7, 10.43
88.8, 10.56
88.9, 10.73
89, 10.74
89.1, 10.99
89.2, 11.1
89.3, 11.03
89.4, 11.11
89.5, 11.31
89.6, 11.58
89.7, 11.49
89.8, 11.49
89.9, 11.67
90, 11.68
90.1, 11.9
90.2, 11.9
90.3, 11.96
90.4, 12.05
90.5, 12.13
90.6, 12.17
90.7, 12.15
90.8, 12.14
90.9, 12.24
91, 12.43
91.1, 12.55
91.2, 12.61
91.3, 12.71
91.4, 12.69
91.5, 12.68
91.6, 12.68
91.7, 12.76
91.8, 12.87
91.9, 12.91
92, 12.89
92.1, 13.01
92.2, 13.05
92.3, 13.09
92.4, 13.05
92.5, 13.12
92.6, 13.11
92.7, 12.88
92.8, 12.69
92.9, 12.61
93, 12.56
93.1, 12.45
93.2, 12.49
93.3, 12.54
93.4, 12.43
93.5, 12.61
93.6, 12.6
93.7, 12.84
93.8, 13.01
93.9, 12.94
94, 12.85
94.1, 13.01
94.2, 12.91
94.3, 12.76
94.4, 12.71
94.5, 12.72
94.6, 12.72
94.7, 12.58
94.8, 12.41
94.9, 12.15
95, 12.17
95.1, 12.23
95.2, 12.1
95.3, 11.93
95.4, 11.89
95.5, 11.82
95.6, 11.61
95.7, 11.37
95.8, 11.21
95.9, 11.17
96, 11.22
96.1, 10.92
96.2, 10.72
96.3, 10.5
96.4, 10.62
96.5, 10.53
96.6, 10.46
96.7, 10.18
96.8, 9.83
96.9, 9.58
97, 9.53
97.1, 9.24
97.2, 9
97.3, 8.77
97.4, 8.68
97.5, 8.63
97.6, 8.68
97.7, 8.52
97.8, 8.28
97.9, 8.04
98, 7.86
98.1, 7.71
98.2, 7.63
98.3, 7.52
98.4, 7.39
98.5, 7.16
98.6, 6.91
98.7, 6.78
98.8, 6.68
98.9, 6.57
99, 6.51
99.1, 6.26
99.2, 6.1
99.3, 5.76
99.4, 5.71
99.5, 5.52
99.6, 5.41
99.7, 5.24
99.8, 5.24
99.9, 4.98
100, 4.77
100.1, 4.6
100.2, 4.44
100.3, 4.35
100.4, 4.27
100.5, 4.05
100.6, 3.82
100.7, 3.64
100.8, 3.66
100.9, 3.43
101, 3.46
101.1, 3.39
101.2, 3.27
101.3, 3.15
101.4, 3.01
101.5, 2.9
101.6, 2.72
101.7, 2.63
101.8, 2.63
101.9, 2.63
102, 2.61
102.1, 2.4
102.2, 2.11
102.3, 1.84
102.4, 1.71
102.5, 1.71
102.6, 1.57
102.7, 1.24
102.8, 1.09
102.9, 0.86
103, 0.68
103.1, 0.58
103.2, 0.47
103.3, 0.26
103.4, -0.05
103.5, -0.34
103.6, -0.58
103.7, -0.73
103.8, -0.87
103.9, -0.96
104, -1.22
104.1, -1.54
104.2, -1.74
104.3, -1.97
104.4, -2.25
104.5, -2.44
104.6, -2.43
104.7, -2.71
104.8, -3.04
104.9, -3.18
105, -3.14
105.1, -3.32
105.2, -3.53
105.3, -3.84
105.4, -3.86
105.5, -4.15
105.6, -4.3
105.7, -4.61
105.8, -4.6
105.9, -4.52
106, -4.82
106.1, -5.03
106.2, -5.09
106.3, -4.85
106.4, -4.86
106.5, -5.18
106.6, -5.64
106.7, -5.77
106.8, -5.97
106.9, -6.12
107, -6.22
107.1, -6.38
107.2, -6.57
107.3, -6.73
107.4, -7.01
107.5, -7.15
107.6, -7.29
107.7, -7.43
107.8, -7.53
107.9, -7.67
108, -7.9
108.1, -8.2
108.2, -8.28
108.3, -8.24
108.4, -8.16
108.5, -8.46
108.6, -8.73
108.7, -8.95
108.8, -8.9
108.9, -8.98
109, -9.16
109.1, -9.29
109.2, -9.41
109.3, -9.52
109.4, -9.63
109.5, -9.85
109.6, -10
109.7, -10.05
109.8, -10.19
109.9, -10.29
110, -10.29
110.1, -10.44
110.2, -10.71
110.3, -10.99
110.4, -11.01
110.5, -10.97
110.6, -10.76
110.7, -10.73
110.8, -10.74
110.9, -10.8
111, -10.82
111.1, -10.75
111.2, -10.91
111.3, -10.92
111.4, -10.95
111.5, -10.96
111.6, -10.96
111.7, -10.95
111.8, -10.92
111.9, -11.07
112, -11.23
112.1, -11.64
112.2, -11.78
112.3, -11.43
112.4, -11.22
112.5, -11.31
112.6, -11.2
112.7, -11.01
112.8, -10.89
112.9, -10.83
113, -10.75
113.1, -10.48
113.2, -10.27
113.3, -10.19
113.4, -10.23
113.5, -10.25
113.6, -10.21
113.7, -9.98
113.8, -9.87
113.9, -9.83
114, -9.74
114.1, -9.65
114.2, -9.37
114.3, -9.26
114.4, -9.15
114.5, -8.86
114.6, -8.53
114.7, -8.34
114.8, -8.22
114.9, -8.12
115, -8.13
115.1, -7.93
115.2, -7.74
115.3, -7.34
115.4, -7.08
115.5, -6.82
115.6, -6.7
115.7, -6.47
115.8, -6.24
115.9, -6.14
116, -5.88
116.1, -5.5
116.2, -5.28
116.3, -5.21
116.4, -5.17
116.5, -5.1
116.6, -4.78
116.7, -4.6
116.8, -4.36
116.9, -4.07
117, -3.73
117.1, -3.37
117.2, -3.17
117.3, -2.8
117.4, -2.57
117.5, -2.26
117.6, -1.93
117.7, -1.58
117.8, -1.39
117.9, -1.14
118, -1.06
118.1, -0.91
118.2, -0.69
118.3, -0.44
118.4, -0.3
118.5, 0.08
118.6, 0.39
118.7, 0.51
118.8, 0.68
118.9, 1.02
119, 1.27
119.1, 1.41
119.2, 1.68
119.3, 1.96
119.4, 2.18
119.5, 2.39
119.6, 2.56
119.7, 2.85
119.8, 3.19
119.9, 3.37
120, 3.54
120.1, 3.9
120.2, 4.12
120.3, 4.4
120.4, 4.5
120.5, 4.63
120.6, 4.72
120.7, 4.77
120.8, 4.84
120.9, 5.19
121, 5.37
121.1, 5.57
121.2, 5.72
121.3, 5.9
121.4, 6.18
121.5, 6.55
121.6, 6.78
121.7, 6.97
121.8, 7.16
121.9, 7.42
122, 7.53
122.1, 7.66
122.2, 7.77
122.3, 7.91
122.4, 8.18
122.5, 8.21
122.6, 8.33
122.7, 8.46
122.8, 8.49
122.9, 8.6
123, 8.66
123.1, 8.82
123.2, 8.96
123.3, 9.13
123.4, 9.24
123.5, 9.38
123.6, 9.55
123.7, 9.52
123.8, 9.71
123.9, 9.93
124, 10.21
124.1, 10.26
124.2, 10.27
124.3, 10.19
124.4, 10.31
124.5, 10.36
124.6, 10.22
124.7, 10.14
124.8, 10.06
124.9, 9.9
125, 9.77
125.1, 9.71
125.2, 9.84
125.3, 9.97
125.4, 10.05
125.5, 10.06
125.6, 10.23
125.7, 10.23
125.8, 9.96
125.9, 9.98
126, 9.92
126.1, 9.9
126.2, 9.76
126.3, 9.4
126.4, 9.24
126.5, 9.06
126.6, 8.93
126.7, 8.95
126.8, 8.9
126.9, 8.88
127, 8.74
127.1, 8.65
127.2, 8.43
127.3, 8.4
127.4, 8.49
127.5, 8.41
127.6, 8.39
127.7, 8.44
127.8, 8.32
127.9, 8.21
128, 7.91
128.1, 8.09
128.2, 8.02
128.3, 7.96
128.4, 7.94
128.5, 7.86
128.6, 7.81
128.7, 7.88
128.8, 7.63
128.9, 7.58
129, 7.66
129.1, 7.67
129.2, 7.66
129.3, 7.46
129.4, 7.23
129.5, 6.99
129.6, 6.63
129.7, 6.52
129.8, 6.41
129.9, 6.61
130, 6.43
130.1, 6.36
130.2, 6.23
130.3, 6.17
130.4, 6.13
130.5, 5.97
130.6, 5.82
130.7, 5.79
130.8, 5.91
130.9, 5.71
131, 5.54
131.1, 5.4
131.2, 5.41
131.3, 5.25
131.4, 5
131.5, 4.99
131.6, 5.45
131.7, 6.06
131.8, 6.32
131.9, 6.1
132, 5.69
132.1, 5.48
132.2, 5.39
132.3, 5.4
132.4, 5.24
132.5, 4.82
132.6, 4.63
132.7, 4.63
132.8, 4.57
132.9, 4.29
133, 4.08
133.1, 4.09
133.2, 4.16
133.3, 4.24
133.4, 4.15
133.5, 4.11
133.6, 4
133.7, 3.62
133.8, 3.52
133.9, 3.57
134, 3.57
134.1, 3.41
134.2, 3.48
134.3, 3.52
134.4, 3.54
134.5, 3.48
134.6, 3.37
134.7, 3.43
134.8, 3.8
134.9, 4.12
135, 4.16
135.1, 4.04
135.2, 3.98
135.3, 4.17
135.4, 4.32
135.5, 4.59
135.6, 4.82
135.7, 4.86
135.8, 4.97
135.9, 5.27
136, 5.6
136.1, 5.79
136.2, 5.67
136.3, 5.56
136.4, 5.14
136.5, 4.63
136.6, 4.26
136.7, 4.16
136.8, 4.04
136.9, 3.98
137, 3.82
137.1, 3.63
137.2, 3.6
137.3, 3.7
137.4, 3.65
137.5, 3.76
137.6, 3.8
137.7, 3.74
137.8, 3.72
137.9, 3.92
138, 4.03
138.1, 3.83
138.2, 3.53
138.3, 3.4
138.4, 3.5
138.5, 3.69
138.6, 3.53
138.7, 3.31
138.8, 3.14
138.9, 2.95
139, 2.78
139.1, 2.81
139.2, 2.87
139.3, 3.01
139.4, 2.92
139.5, 2.9
139.6, 2.78
139.7, 2.63
139.8, 2.59
139.9, 2.48
140, 2.32
140.1, 2.18
140.2, 2.23
140.3, 2.36
140.4, 2.23
140.5, 2.13
140.6, 2
140.7, 1.98
140.8, 2.18
140.9, 2.02
141, 1.84
141.1, 1.65
141.2, 1.68
141.3, 1.63
141.4, 1.55
141.5, 1.49
141.6, 1.52
141.7, 1.36
141.8, 1.21
141.9, 0.99
142, 0.98
142.1, 0.96
142.2, 0.74
142.3, 0.56
142.4, 0.25
142.5, 0.18
142.6, 0.08
142.7, 0.33
142.8, 0.18
142.9, 0.23
143, 0.28
143.1, 0.26
143.2, 0.18
143.3, 0.18
143.4, -0.04
143.5, -0.12
143.6, -0.16
143.7, -0.04
143.8, 0.05
143.9, 0.09
144, 0.15
144.1, 0.22
144.2, 0
144.3, -0.03
144.4, 0.15
144.5, 0.25
144.6, 0.25
144.7, 0.16
144.8, 0.05
144.9, 0.06
145, 0
145.1, 0
145.2, -0.16
145.3, -0.08
145.4, -0.17
145.5, -0.29
145.6, -0.36
145.7, -0.2
145.8, -0.14
145.9, -0.08
146, -0.03
146.1, 0.11
146.2, -0.04
146.3, -0.13
146.4, -0.27
146.5, -0.48
146.6, -0.59
146.7, -0.6
146.8, -0.46
146.9, -0.33
147, -0.34
147.1, -0.35
147.2, -0.29
147.3, -0.19
147.4, -0.19
147.5, -0.25
147.6, -0.31
147.7, -0.35
147.8, -0.27
147.9, -0.25
148, -0.18
148.1, -0.02
148.2, 0.05
148.3, 0.19
148.4, 0.18
148.5, 0.09
148.6, -0.04
148.7, -0.07
148.8, 0.05
148.9, 0.26
149, 0.32
149.1, 0.39
149.2, 0.38
149.3, 0.27
149.4, 0.15
149.5, -0.05
149.6, -0.13
149.7, 0
149.8, 0.22
149.9, 0.32
150, 0.33
150.1, 0.26
150.2, 0.38
150.3, 0.67
150.4, 0.73
150.5, 0.77
150.6, 0.67
150.7, 0.52
150.8, 0.56
150.9, 0.44
151, 0.21
151.1, 0.15
151.2, 0.22
151.3, 0.45
151.4, 0.67
151.5, 0.8
151.6, 0.81
151.7, 0.92
151.8, 1.02
151.9, 1.15
152, 1.11
152.1, 1.19
152.2, 1.17
152.3, 1.16
152.4, 1.18
152.5, 1.12
152.6, 0.93
152.7, 0.99
152.8, 1.22
152.9, 1.22
153, 1.23
153.1, 1.32
153.2, 1.35
153.3, 1.58
153.4, 1.76
153.5, 1.7
153.6, 1.68
153.7, 1.75
153.8, 1.74
153.9, 1.62
154, 1.68
154.1, 1.74
154.2, 1.88
154.3, 1.86
154.4, 1.87
154.5, 1.73
154.6, 1.62
154.7, 1.53
154.8, 1.51
154.9, 1.64
155, 1.49
155.1, 1.42
155.2, 1.4
155.3, 1.45
155.4, 1.33
155.5, 1.37
155.6, 1.21
155.7, 1.13
155.8, 1.09
155.9, 1
156, 1.01
156.1, 0.96
156.2, 0.93
156.3, 0.94
156.4, 0.98
156.5, 1.02
156.6, 0.99
156.7, 0.96
156.8, 1.07
156.9, 1.13
157, 1.02
157.1, 0.94
157.2, 0.94
157.3, 0.84
157.4, 0.73
157.5, 0.67
157.6, 0.8
157.7, 0.86
157.8, 0.91
157.9, 0.71
158, 0.59
158.1, 0.62
158.2, 0.72
158.3, 0.76
158.4, 0.76
158.5, 0.66
158.6, 0.44
158.7, 0.46
158.8, 0.42
158.9, 0.48
159, 0.43
159.1, 0.31
159.2, -0.01
159.3, -0.12
159.4, -0.39
159.5, -0.32
159.6, -0.45
159.7, -0.59
159.8, -0.81
159.9, -1.1
160, -1.33
160.1, -1.43
160.2, -1.4
160.3, -1.3
160.4, -1.36
160.5, -1.45
160.6, -1.64
160.7, -1.68
160.8, -1.7
160.9, -1.73
161, -2.03
161.1, -2.04
161.2, -1.82
161.3, -1.76
161.4, -2.08
161.5, -2.32
161.6, -2.31
161.7, -2.28
161.8, -2.32
161.9, -2.43
162, -2.57
162.1, -2.73
162.2, -2.79
162.3, -2.92
162.4, -3.1
162.5, -3.13
162.6, -3.34
162.7, -3.42
162.8, -3.54
162.9, -3.37
163, -3.59
163.1, -3.67
163.2, -3.61
163.3, -3.34
163.4, -3.23
163.5, -3.24
163.6, -3.48
163.7, -3.78
163.8, -3.89
163.9, -3.68
164, -3.54
164.1, -3.64
164.2, -3.78
164.3, -3.84
164.4, -3.75
164.5, -3.79
164.6, -3.71
164.7, -3.69
164.8, -3.74
164.9, -3.85
165, -3.88
165.1, -3.86
165.2, -3.67
165.3, -3.7
165.4, -3.79
165.5, -3.85
165.6, -3.9
165.7, -4.09
165.8, -4.21
165.9, -4.09
166, -3.84
166.1, -3.78
166.2, -3.68
166.3, -3.66
166.4, -3.48
166.5, -3.36
166.6, -3.31
166.7, -3.32
166.8, -3.33
166.9, -3.23
167, -3.25
167.1, -3.19
167.2, -3.14
167.3, -3.07
167.4, -3.06
167.5, -3.15
167.6, -3.07
167.7, -3.04
167.8, -2.88
167.9, -2.73
168, -2.72
168.1, -2.7
168.2, -2.66
168.3, -2.51
168.4, -2.28
168.5, -2.12
168.6, -1.96
168.7, -1.92
168.8, -1.85
168.9, -1.67
169, -1.33
169.1, -1.25
169.2, -1.34
169.3, -1.33
169.4, -1.08
169.5, -0.92
169.6, -0.78
169.7, -0.75
169.8, -0.71
169.9, -0.74
170, -0.6
170.1, -0.68
170.2, -0.69
170.3, -0.61
170.4, -0.59
170.5, -0.5
170.6, -0.42
170.7, -0.25
170.8, -0.17
170.9, 0.07
171, 0.34
171.1, 0.51
171.2, 0.61
171.3, 0.86
171.4, 0.98
171.5, 1.08
171.6, 1.21
171.7, 1.27
171.8, 1.51
171.9, 1.7
172, 1.8
172.1, 1.6
172.2, 1.64
172.3, 1.69
172.4, 1.74
172.5, 1.67
172.6, 1.74
172.7, 1.87
172.8, 1.97
172.9, 2.02
173, 2.16
173.1, 2.43
173.2, 2.39
173.3, 2.55
173.4, 2.77
173.5, 2.97
173.6, 3.14
173.7, 3.32
173.8, 3.47
173.9, 3.6
174, 3.76
174.1, 3.83
174.2, 3.83
174.3, 3.76
174.4, 3.66
174.5, 3.75
174.6, 3.82
174.7, 3.96
174.8, 3.93
174.9, 4.06
175, 4.16
175.1, 4.24
175.2, 4.45
175.3, 4.36
175.4, 4.42
175.5, 4.64
175.6, 4.94
175.7, 4.98
175.8, 5.03
175.9, 5.15
176, 5.32
176.1, 5.39
176.2, 5.48
176.3, 5.54
176.4, 5.58
176.5, 5.7
176.6, 5.72
176.7, 5.9
176.8, 5.91
176.9, 6.07
177, 6.11
177.1, 6.21
177.2, 6.31
177.3, 6.51
177.4, 6.4
177.5, 6.32
177.6, 6.4
177.7, 6.43
177.8, 6.34
177.9, 6.43
178, 6.48
178.1, 6.77
178.2, 6.76
178.3, 6.67
178.4, 6.59
178.5, 6.66
178.6, 6.77
178.7, 6.97
178.8, 7.09
178.9, 7.26
179, 7.46
179.1, 7.55
179.2, 7.6
179.3, 7.77
179.4, 7.88
179.5, 7.87
179.6, 8.03
179.7, 8.19
179.8, 8.17
179.9, 8.16
180, 8.33
180.1, 8.49
180.2, 8.59
180.3, 8.79
180.4, 8.97
180.5, 9.17
180.6, 9.22
180.7, 9.48
180.8, 9.78
180.9, 9.93
181, 9.92
181.1, 9.78
181.2, 9.5
181.3, 9.2
181.4, 9.31
181.5, 9.59
181.6, 10.03
181.7, 10.52
181.8, 10.86
181.9, 11.07
182, 11.2
182.1, 11.43
182.2, 11.67
182.3, 11.87
182.4, 11.91
182.5, 11.97
182.6, 12.18
182.7, 12.29
182.8, 12.32
182.9, 12.32
183, 12.4
183.1, 12.61
183.2, 12.82
183.3, 12.96
183.4, 13.1
183.5, 13.26
183.6, 13.37
183.7, 13.34
183.8, 13.43
183.9, 13.55
184, 13.71
184.1, 13.78
184.2, 13.8
184.3, 13.97
184.4, 14.2
184.5, 14.25
184.6, 14.23
184.7, 14.29
184.8, 14.3
184.9, 14.45
185, 14.65
185.1, 14.85
185.2, 14.94
185.3, 15.05
185.4, 15.11
185.5, 15.26
185.6, 15.43
185.7, 15.54
185.8, 15.68
185.9, 15.89
186, 16.13
186.1, 16.21
186.2, 16.29
186.3, 16.45
186.4, 16.67
186.5, 16.77
186.6, 16.85
186.7, 16.84
186.8, 17.04
186.9, 17.12
187, 17.28
187.1, 17.2
187.2, 17.2
187.3, 17.34
187.4, 17.49
187.5, 17.61
187.6, 17.73
187.7, 17.69
187.8, 17.74
187.9, 17.77
188, 17.98
188.1, 18.06
188.2, 18
188.3, 18.02
188.4, 18.22
188.5, 18.28
188.6, 18.15
188.7, 18.04
188.8, 18.1
188.9, 18.19
189, 18.14
189.1, 18.24
189.2, 18.27
189.3, 18.2
189.4, 18.35
189.5, 18.5
189.6, 18.48
189.7, 18.58
189.8, 18.84
189.9, 18.93
190, 18.93
190.1, 19.01
190.2, 19.04
190.3, 19.25
190.4, 19.27
190.5, 19.3
190.6, 19.28
190.7, 19.35
190.8, 19.43
190.9, 19.29
191, 19.2
191.1, 19.24
191.2, 19.28
191.3, 19.15
191.4, 18.93
191.5, 18.81
191.6, 18.63
191.7, 18.54
191.8, 18.49
191.9, 18.41
192, 18.17
192.1, 18.09
192.2, 18.09
192.3, 18.22
192.4, 18.13
192.5, 18.03
192.6, 17.97
192.7, 18
192.8, 18.18
192.9, 18.21
193, 18
193.1, 17.84
193.2, 17.84
193.3, 17.71
193.4, 17.51
193.5, 17.22
193.6, 17.01
193.7, 16.85
193.8, 16.69
193.9, 16.71
194, 16.71
194.1, 16.72
194.2, 16.69
194.3, 16.54
194.4, 16.17
194.5, 15.78
194.6, 15.67
194.7, 15.72
194.8, 15.4
194.9, 15.05
195, 15.07
195.1, 15.08
195.2, 15.04
195.3, 14.86
195.4, 14.67
195.5, 14.66
195.6, 14.57
195.7, 14.47
195.8, 14.41
195.9, 14.34
196, 14.26
196.1, 14.05
196.2, 13.96
196.3, 13.95
196.4, 13.96
196.5, 13.83
196.6, 13.74
196.7, 13.66
196.8, 13.31
196.9, 13.02
197, 13.02
197.1, 12.94
197.2, 12.9
197.3, 12.71
197.4, 12.42
197.5, 12.27
197.6, 12.08
197.7, 11.89
197.8, 11.82
197.9, 11.64
198, 11.44
198.1, 11.21
198.2, 11.11
198.3, 11.12
198.4, 11.07
198.5, 11.01
198.6, 10.76
198.7, 10.64
198.8, 10.29
198.9, 10.43
199, 10.49
199.1, 10.58
199.2, 10.52
199.3, 10.42
199.4, 10.22
199.5, 10.08
199.6, 9.9
199.7, 9.81
199.8, 9.62
199.9, 9.59
200, 9.52
200.1, 9.43
200.2, 9.19
200.3, 9.05
200.4, 9.05
200.5, 9.01
200.6, 8.86
200.7, 8.72
200.8, 8.74
200.9, 8.61
201, 8.4
201.1, 8.12
201.2, 7.98
201.3, 8.11
201.4, 8.31
201.5, 8.3
201.6, 8.18
201.7, 8
201.8, 7.8
201.9, 7.71
202, 7.69
202.1, 7.56
202.2, 7.47
202.3, 7.4
202.4, 7.28
202.5, 7.19
202.6, 7
202.7, 6.89
202.8, 6.72
202.9, 6.53
203, 6.66
203.1, 6.43
203.2, 6.31
203.3, 6.22
203.4, 6.28
203.5, 6.17
203.6, 6.09
203.7, 6.04
203.8, 5.92
203.9, 5.88
204, 5.77
204.1, 5.62
204.2, 5.53
204.3, 5.41
204.4, 5.23
204.5, 5.19
204.6, 5.18
204.7, 5.09
204.8, 5.03
204.9, 5.2
205, 5.2
205.1, 5.26
205.2, 5.26
205.3, 4.99
205.4, 4.82
205.5, 4.77
205.6, 4.74
205.7, 4.68
205.8, 4.51
205.9, 4.35
206, 4.19
206.1, 4.2
206.2, 4.33
206.3, 4.75
206.4, 4.87
206.5, 4.7
206.6, 4.44
206.7, 4.29
206.8, 4.16
206.9, 4.03
207, 3.92
207.1, 4
207.2, 4.07
207.3, 4.02
207.4, 4.01
207.5, 3.93
207.6, 3.88
207.7, 3.79
207.8, 3.62
207.9, 3.57
208, 3.52
208.1, 3.36
208.2, 3.23
208.3, 3.18
208.4, 3.26
208.5, 3.45
208.6, 3.69
208.7, 3.97
208.8, 4.03
208.9, 3.94
209, 3.79
209.1, 3.62
209.2, 3.33
209.3, 3.1
209.4, 3.04
209.5, 3.18
209.6, 3.48
209.7, 3.7
209.8, 3.64
209.9, 3.48
210, 3.39
210.1, 3.44
210.2, 3.09
210.3, 2.63
210.4, 2.25
210.5, 2.1
210.6, 2.2
210.7, 2.1
210.8, 1.93
210.9, 1.79
211, 1.7
211.1, 1.56
211.2, 1.57
211.3, 1.61
211.4, 1.64
211.5, 1.58
211.6, 1.56
211.7, 1.43
211.8, 1.44
211.9, 1.35
212, 1.29
212.1, 1.28
212.2, 1.31
212.3, 1.32
212.4, 1.13
212.5, 0.86
212.6, 0.64
212.7, 0.32
212.8, -0.42
212.9, -1.3
213, -1.71
213.1, -1.65
213.2, -1.43
213.3, -1.2
213.4, -1.16
213.5, -1.13
213.6, -1.02
213.7, -0.99
213.8, -0.94
213.9, -0.77
214, -0.64
214.1, -0.67
214.2, -0.81
214.3, -1.04
214.4, -1.19
214.5, -1.22
214.6, -1.15
214.7, -0.95
214.8, -1.04
214.9, -1.02
215, -1.04
215.1, -1.09
215.2, -1.37
215.3, -1.46
215.4, -1.57
215.5, -1.62
215.6, -1.67
215.7, -1.51
215.8, -1.48
215.9, -1.49
216, -1.44
216.1, -1.27
216.2, -1.27
216.3, -1.27
216.4, -1.31
216.5, -1.11
216.6, -0.9
216.7, -0.82
216.8, -0.89
216.9, -0.94
217, -0.97
217.1, -1.09
217.2, -1.07
217.3, -1.12
217.4, -1.15
217.5, -1.26
217.6, -1.42
217.7, -1.48
217.8, -1.64
217.9, -1.79
218, -1.8
218.1, -1.86
218.2, -1.92
218.3, -2.03
218.4, -2.23
218.5, -2.57
218.6, -2.82
218.7, -3.12
218.8, -3.17
218.9, -3.14
219, -3.3
219.1, -3.35
219.2, -3.38
219.3, -3.38
219.4, -3.53
219.5, -3.65
219.6, -3.62
219.7, -3.68
219.8, -3.8
219.9, -4.07
220, -4.22
220.1, -4.25
220.2, -4.22
220.3, -4.24
220.4, -4.3
220.5, -4.44
220.6, -4.44
220.7, -4.48
220.8, -4.43
220.9, -4.45
221, -4.49
221.1, -4.68
221.2, -4.71
221.3, -4.89
221.4, -4.95
221.5, -4.85
221.6, -4.6
221.7, -4.53
221.8, -4.56
221.9, -4.79
222, -4.67
222.1, -4.72
222.2, -4.57
222.3, -4.08
222.4, -3.37
222.5, -2.93
222.6, -2.95
222.7, -3.12
222.8, -2.97
222.9, -2.99
223, -2.74
223.1, -2.61
223.2, -2.57
223.3, -2.57
223.4, -2.55
223.5, -2.64
223.6, -2.59
223.7, -2.54
223.8, -2.44
223.9, -2.32
224, -2.13
224.1, -2.02
224.2, -1.89
224.3, -1.82
224.4, -1.71
224.5, -1.57
224.6, -1.31
224.7, -0.92
224.8, -0.57
224.9, -0.19
225, 0.34
225.1, 0.7
225.2, 0.96
225.3, 0.93
225.4, 0.94
225.5, 1.3
225.6, 2.04
225.7, 2.92
225.8, 3.41
225.9, 3.37
226, 3.16
226.1, 3.1
226.2, 3.16
226.3, 3.25
226.4, 3.44
226.5, 3.64
226.6, 3.75
226.7, 3.95
226.8, 4.04
226.9, 4.25
227, 4.44
227.1, 4.46
227.2, 4.57
227.3, 4.72
227.4, 4.87
227.5, 5.05
227.6, 5.15
227.7, 5.39
227.8, 5.64
227.9, 5.71
228, 5.79
228.1, 5.97
228.2, 5.83
228.3, 5.97
228.4, 6.05
228.5, 6.32
228.6, 6.35
228.7, 6.46
228.8, 6.42
228.9, 6.43
229, 6.67
229.1, 7.06
229.2, 7.12
229.3, 7.32
229.4, 7.53
229.5, 7.74
229.6, 7.82
229.7, 7.96
229.8, 8.09
229.9, 8.34
230, 8.38
230.1, 8.49
230.2, 8.39
230.3, 8.33
230.4, 8.47
230.5, 8.75
230.6, 9.01
230.7, 9.04
230.8, 9.08
230.9, 9.07
231, 8.8
231.1, 8.74
231.2, 8.89
231.3, 9.19
231.4, 9.49
231.5, 9.7
231.6, 9.92
231.7, 9.97
231.8, 10.04
231.9, 10.16
232, 10.25
232.1, 10.19
232.2, 10.21
232.3, 10.32
232.4, 10.37
232.5, 10.31
232.6, 10.41
232.7, 10.53
232.8, 10.72
232.9, 10.87
233, 10.71
233.1, 10.54
233.2, 10.47
233.3, 10.48
233.4, 10.52
233.5, 10.64
233.6, 10.63
233.7, 10.76
233.8, 10.77
233.9, 10.66
234, 10.63
234.1, 10.85
234.2, 10.69
234.3, 10.64
234.4, 10.6
234.5, 10.54
234.6, 10.26
234.7, 10.08
234.8, 10.03
234.9, 9.92
235, 9.73
235.1, 9.55
235.2, 9.65
235.3, 9.56
235.4, 9.45
235.5, 9.3
235.6, 9.32
235.7, 9.44
235.8, 9.53
235.9, 9.58
236, 9.43
236.1, 9.37
236.2, 9.31
236.3, 9.24
236.4, 9.21
236.5, 9.17
236.6, 9.04
236.7, 9.01
236.8, 9.09
236.9, 9.04
237, 8.84
237.1, 8.82
237.2, 8.8
237.3, 8.73
237.4, 8.66
237.5, 8.79
237.6, 8.84
237.7, 9.01
237.8, 9.17
237.9, 9.06
238, 8.92
238.1, 8.86
238.2, 8.77
238.3, 8.54
238.4, 8.44
238.5, 8.39
238.6, 8.28
238.7, 8.25
238.8, 8.27
238.9, 8.36
239, 8.07
239.1, 8.02
239.2, 7.95
239.3, 8.11
239.4, 8.16
239.5, 8.16
239.6, 7.92
239.7, 7.75
239.8, 7.62
239.9, 7.89
240, 7.73
240.1, 7.64
240.2, 7.54
240.3, 7.49
240.4, 7.63
240.5, 7.71
240.6, 7.73
240.7, 7.76
240.8, 7.81
240.9, 7.68
241, 7.63
241.1, 7.73
241.2, 7.79
241.3, 7.77
241.4, 7.69
241.5, 7.66
241.6, 7.71
241.7, 7.72
241.8, 7.95
241.9, 8.23
242, 8.31
242.1, 8.38
242.2, 8.51
242.3, 8.56
242.4, 8.52
242.5, 8.39
242.6, 8.46
242.7, 8.6
242.8, 8.58
242.9, 8.57
243, 8.7
243.1, 9.01
243.2, 9.27
243.3, 9.3
243.4, 9.4
243.5, 9.72
243.6, 10.03
243.7, 10.13
243.8, 10.22
243.9, 10.47
244, 10.76
244.1, 10.84
244.2, 10.67
244.3, 10.6
244.4, 10.82
244.5, 10.96
244.6, 10.98
244.7, 11.03
244.8, 11.03
244.9, 11.23
245, 11.41
245.1, 11.55
245.2, 11.61
245.3, 11.81
245.4, 12.04
245.5, 12
245.6, 11.9
245.7, 11.95
245.8, 11.95
245.9, 12.13
246, 12.25
246.1, 12.32
246.2, 12.32
246.3, 12.36
246.4, 12.27
246.5, 12.33
246.6, 12.46
246.7, 12.43
246.8, 12.35
246.9, 12.34
247, 12.46
247.1, 12.46
247.2, 12.44
247.3, 12.43
247.4, 12.27
247.5, 12.12
247.6, 12.3
247.7, 12.53
247.8, 12.72
247.9, 12.81
248, 12.86
248.1, 12.91
248.2, 12.97
248.3, 12.98
248.4, 13.07
248.5, 13.07
248.6, 13.02
248.7, 12.77
248.8, 12.62
248.9, 12.55
249, 12.58
249.1, 12.49
249.2, 12.32
249.3, 12.14
249.4, 12.08
249.5, 12.12
249.6, 12.11
249.7, 12.15
249.8, 12.11
249.9, 11.96
250, 11.9
250.1, 11.94
250.2, 12
250.3, 12.02
250.4, 12.07
250.5, 12
250.6, 11.94
250.7, 11.85
250.8, 11.94
250.9, 12.2
251, 12.19
251.1, 12.02
251.2, 11.97
251.3, 11.9
251.4, 11.88
251.5, 11.66
251.6, 11.42
251.7, 11.19
251.8, 11.28
251.9, 11.3
252, 11.21
252.1, 11.22
252.2, 11.19
252.3, 11.03
252.4, 10.73
252.5, 10.64
252.6, 10.68
252.7, 10.53
252.8, 10.45
252.9, 10.4
253, 10.32
253.1, 10.25
253.2, 10.12
253.3, 9.89
253.4, 9.68
253.5, 9.66
253.6, 9.61
253.7, 9.55
253.8, 9.56
253.9, 9.38
254, 9.36
254.1, 9.32
254.2, 9.27
254.3, 9.11
254.4, 9.07
254.5, 9.12
254.6, 9.03
254.7, 8.78
254.8, 8.52
254.9, 8.55
255, 8.49
255.1, 8.3
255.2, 8.05
255.3, 7.67
255.4, 7.65
255.5, 7.68
255.6, 7.58
255.7, 7.25
255.8, 6.76
255.9, 6.33
256, 6.18
256.1, 6.26
256.2, 6.4
256.3, 6.45
256.4, 6.32
256.5, 6.18
256.6, 5.95
256.7, 5.86
256.8, 5.8
256.9, 5.67
257, 5.44
257.1, 5.31
257.2, 5.05
257.3, 4.84
257.4, 4.73
257.5, 4.35
257.6, 3.87
257.7, 3.3
257.8, 2.84
257.9, 2.37
258, 2.38
258.1, 2.27
258.2, 2.11
258.3, 1.9
258.4, 1.65
258.5, 1.48
258.6, 1.29
258.7, 1.05
258.8, 0.74
258.9, 0.64
259, 0.22
259.1, -0.13
259.2, -0.23
259.3, -0.45
259.4, -0.57
259.5, -0.83
259.6, -0.87
259.7, -0.96
259.8, -1.24
259.9, -1.51
260, -1.75
260.1, -1.89
260.2, -2
260.3, -2.21
260.4, -2.59
260.5, -2.95
260.6, -3.21
260.7, -3.58
260.8, -3.93
260.9, -4.19
261, -4.3
261.1, -4.65
261.2, -4.73
261.3, -4.85
261.4, -4.97
261.5, -5.19
261.6, -5.33
261.7, -5.51
261.8, -5.75
261.9, -5.88
262, -6.04
262.1, -6.37
262.2, -6.57
262.3, -6.71
262.4, -6.96
262.5, -7.27
262.6, -7.51
262.7, -7.78
262.8, -8.12
262.9, -8.48
263, -8.7
263.1, -8.71
263.2, -8.74
263.3, -8.93
263.4, -9.18
263.5, -9.51
263.6, -9.89
263.7, -10.15
263.8, -10.38
263.9, -10.6
264, -10.86
264.1, -11.14
264.2, -11.22
264.3, -11.32
264.4, -11.52
264.5, -12
264.6, -12.34
264.7, -12.7
264.8, -12.92
264.9, -13.13
265, -13.57
265.1, -13.85
265.2, -14.08
265.3, -14.36
265.4, -14.8
265.5, -15.12
265.6, -15.35
265.7, -15.73
265.8, -16.1
265.9, -16.38
266, -16.68
266.1, -17.03
266.2, -17.36
266.3, -17.48
266.4, -17.75
266.5, -18.08
266.6, -18.29
266.7, -18.49
266.8, -18.7
266.9, -18.99
267, -19.16
267.1, -19.34
267.2, -19.62
267.3, -19.83
267.4, -20.07
267.5, -20.36
267.6, -20.79
267.7, -21.13
267.8, -21.22
267.9, -21.38
268, -21.51
268.1, -21.54
268.2, -21.66
268.3, -21.97
268.4, -22.3
268.5, -22.53
268.6, -22.62
268.7, -22.72
268.8, -22.99
268.9, -23.15
269, -23.16
269.1, -23.35
269.2, -23.84
269.3, -24.22
269.4, -24.34
269.5, -24.6
269.6, -24.68
269.7, -24.8
269.8, -24.93
269.9, -24.95
270, -24.97
270.1, -25.16
270.2, -25.24
270.3, -25.29
270.4, -25.43
270.5, -25.65
270.6, -25.86
270.7, -26.02
270.8, -26.04
270.9, -26.16
271, -26.24
271.1, -26.42
271.2, -26.66
271.3, -26.72
271.4, -26.65
271.5, -26.93
271.6, -27.2
271.7, -27.32
271.8, -27.45
271.9, -27.73
272, -27.77
272.1, -27.7
272.2, -27.76
272.3, -27.96
272.4, -27.92
272.5, -27.83
272.6, -27.96
272.7, -28.16
272.8, -28.21
272.9, -28.01
273, -27.96
273.1, -28.09
273.2, -28.06
273.3, -28
273.4, -28.09
273.5, -28.19
273.6, -28.29
273.7, -28.59
273.8, -28.83
273.9, -28.85
274, -28.67
274.1, -28.43
274.2, -28.23
274.3, -28.32
274.4, -28.6
274.5, -28.52
274.6, -28.2
274.7, -27.89
274.8, -27.89
274.9, -27.92
275, -28.11
275.1, -28.1
275.2, -28.06
275.3, -28.06
275.4, -28.06
275.5, -28.02
275.6, -28.04
275.7, -28.05
275.8, -28.13
275.9, -28.07
276, -28.03
276.1, -28.1
276.2, -28.16
276.3, -28.16
276.4, -28.02
276.5, -27.67
276.6, -27.45
276.7, -27.48
276.8, -27.45
276.9, -27.3
277, -27.27
277.1, -27.14
277.2, -27.13
277.3, -26.94
277.4, -26.9
277.5, -27.02
277.6, -26.88
277.7, -26.59
277.8, -26.43
277.9, -26.52
278, -26.53
278.1, -26.53
278.2, -26.57
278.3, -26.33
278.4, -25.95
278.5, -25.52
278.6, -25.33
278.7, -25.09
278.8, -25.02
278.9, -24.82
279, -24.53
279.1, -24.3
279.2, -23.95
279.3, -23.92
279.4, -23.83
279.5, -23.56
279.6, -23.25
279.7, -23.24
279.8, -23.01
279.9, -22.84
280, -22.74
280.1, -22.62
280.2, -22.56
280.3, -22.47
280.4, -22.33
280.5, -22.09
280.6, -21.84
280.7, -21.76
280.8, -21.61
280.9, -21.36
281, -21.08
281.1, -21.03
281.2, -20.89
281.3, -20.65
281.4, -20.37
281.5, -20.13
281.6, -20
281.7, -19.98
281.8, -20.12
281.9, -20.06
282, -19.97
282.1, -19.79
282.2, -19.49
282.3, -19.25
282.4, -19.11
282.5, -19.1
282.6, -19.25
282.7, -19.15
282.8, -18.91
282.9, -18.7
283, -18.55
283.1, -18.19
283.2, -17.77
283.3, -17.49
283.4, -17.33
283.5, -17.15
283.6, -17.02
283.7, -16.87
283.8, -16.75
283.9, -16.48
284, -16.27
284.1, -16.08
284.2, -15.67
284.3, -15.37
284.4, -15.1
284.5, -14.94
284.6, -14.82
284.7, -14.73
284.8, -14.6
284.9, -14.5
285, -14.27
285.1, -13.94
285.2, -13.83
285.3, -13.71
285.4, -13.61
285.5, -13.52
285.6, -13.34
285.7, -13.09
285.8, -12.93
285.9, -12.85
286, -12.62
286.1, -12.44
286.2, -12.33
286.3, -12.38
286.4, -12.2
286.5, -11.75
286.6, -11.24
286.7, -10.9
286.8, -10.66
286.9, -10.31
287, -9.99
287.1, -9.7
287.2, -9.42
287.3, -9.23
287.4, -8.87
287.5, -8.73
287.6, -8.49
287.7, -8.33
287.8, -7.99
287.9, -7.66
288, -7.42
288.1, -7.33
288.2, -7.22
288.3, -6.98
288.4, -6.7
288.5, -6.49
288.6, -6.3
288.7, -5.96
288.8, -5.57
288.9, -5.12
289, -4.64
289.1, -4.39
289.2, -4.21
289.3, -3.76
289.4, -3.44
289.5, -3.25
289.6, -3.03
289.7, -2.65
289.8, -2.23
289.9, -1.8
290, -1.46
290.1, -1.15
290.2, -0.81
290.3, -0.61
290.4, -0.38
290.5, -0.19
290.6, 0.22
290.7, 0.51
290.8, 0.85
290.9, 1.13
291, 1.62
291.1, 1.94
291.2, 2.15
291.3, 2.24
291.4, 2.5
291.5, 2.86
291.6, 3.19
291.7, 3.62
291.8, 4.23
291.9, 4.98
292, 5.26
292.1, 5.46
292.2, 5.93
292.3, 6.48
292.4, 6.72
292.5, 7.05
292.6, 7.37
292.7, 7.76
292.8, 8.07
292.9, 8.54
293, 8.81
293.1, 9.24
293.2, 9.54
293.3, 9.78
293.4, 9.93
293.5, 10.2
293.6, 10.42
293.7, 10.69
293.8, 11.05
293.9, 11.43
294, 11.76
294.1, 12.08
294.2, 12.45
294.3, 12.81
294.4, 13.21
294.5, 13.84
294.6, 14.19
294.7, 14.53
294.8, 14.79
294.9, 15.17
295, 15.63
295.1, 16.18
296.1, 16.18
296.2, -0.04
ENDTABLE
#DiagramOne1
ISIDE 2
Z_PROFILE_TABLE LINEAR_LOOP
-2, -0.54
-1.9, -0.7
-1.8, -0.73
-1.7, -0.54
-1.6, -0.44
-1.5, -0.6
-1.4, -0.63
-1.3, -0.59
-1.2, -0.46
-1.1, -0.28
-1, -0.18
-0.9, -0.25
-0.8, -0.24
-0.7, -0.16
-0.6, -0.11
-0.5, -0.14
-0.4, -0.22
-0.3, -0.37
-0.2, -0.33
-0.1, -0.37
0, -0.37
0.1, -0.26
0.2, -0.06
0.3, 0.07
0.4, 0.03
0.5, 0.09
0.6, 0.08
0.7, 0.13
0.8, 0.13
0.9, -0.02
1, -0.04
1.1, 0.02
1.2, -0.08
1.3, 0.01
1.4, 0.25
1.5, 0.23
1.6, 0.34
1.7, 0.56
1.8, 0.79
1.9, 0.89
2, 0.95
2.1, 0.93
2.2, 0.77
2.3, 0.61
2.4, 0.61
2.5, 0.95
2.6, 1.17
2.7, 1.33
2.8, 1.29
2.9, 1.19
3, 1.16
3.1, 1.18
3.2, 1.12
3.3, 1.14
3.4, 0.98
3.5, 1.04
3.6, 1.16
3.7, 1.35
3.8, 1.39
3.9, 1.3
4, 1.22
4.1, 1.31
4.2, 1.28
4.3, 1.21
4.4, 1.27
4.5, 1.32
4.6, 1.28
4.7, 1.21
4.8, 1.32
4.9, 1.27
5, 1.3
5.1, 1.25
5.2, 1.36
5.3, 1.45
5.4, 1.29
5.5, 1.01
5.6, 0.84
5.7, 0.85
5.8, 0.78
5.9, 0.66
6, 0.6
6.1, 0.73
6.2, 0.76
6.3, 0.69
6.4, 0.47
6.5, 0.45
6.6, 0.49
6.7, 0.55
6.8, 0.62
6.9, 0.63
7, 0.75
7.1, 0.73
7.2, 0.67
7.3, 0.61
7.4, 0.57
7.5, 0.48
7.6, 0.5
7.7, 0.53
7.8, 0.36
7.9, 0.08
8, -0.27
8.1, -0.41
8.2, -0.7
8.3, -0.77
8.4, -0.71
8.5, -0.73
8.6, -0.71
8.7, -0.76
8.8, -0.66
8.9, -0.49
9, -0.24
9.1, -0.3
9.2, -0.3
9.3, -0.12
9.4, -0.02
9.5, 0.03
9.6, 0.05
9.7, 0.15
9.8, 0.27
9.9, 0.35
10, 0.4
10.1, 0.48
10.2, 0.62
10.3, 0.8
10.4, 1.12
10.5, 1.27
10.6, 1.35
10.7, 1.38
10.8, 1.35
10.9, 1.42
11, 1.43
11.1, 1.42
11.2, 1.6
11.3, 1.6
11.4, 1.64
11.5, 1.69
11.6, 1.64
11.7, 1.63
11.8, 1.64
11.9, 1.66
12, 1.63
12.1, 1.67
12.2, 1.75
12.3, 1.84
12.4, 1.86
12.5, 1.76
12.6, 1.63
12.7, 1.64
12.8, 1.66
12.9, 1.63
13, 1.55
13.1, 1.48
13.2, 1.27
13.3, 1.19
13.4, 1.31
13.5, 1.39
13.6, 1.34
13.7, 1.28
13.8, 1.36
13.9, 1.41
14, 1.44
14.1, 1.34
14.2, 1.37
14.3, 1.28
14.4, 1.41
14.5, 1.27
14.6, 1.07
14.7, 1.02
14.8, 1.12
14.9, 1.12
15, 1.04
15.1, 1.1
15.2, 1.11
15.3, 1.16
15.4, 1.26
15.5, 1.35
15.6, 1.16
15.7, 0.93
15.8, 0.92
15.9, 1.05
16, 1.18
16.1, 1.22
16.2, 1.18
16.3, 1.05
16.4, 1.02
16.5, 1.05
16.6, 1.05
16.7, 1.07
16.8, 1.17
16.9, 1.33
17, 1.31
17.1, 1.28
17.2, 1.35
17.3, 1.36
17.4, 1.47
17.5, 1.63
17.6, 1.74
17.7, 1.86
17.8, 1.89
17.9, 2.08
18, 2.36
18.1, 2.61
18.2, 2.75
18.3, 2.81
18.4, 2.99
18.5, 3.1
18.6, 3.32
18.7, 3.46
18.8, 3.6
18.9, 3.67
19, 3.76
19.1, 3.84
19.2, 3.92
19.3, 3.98
19.4, 4.05
19.5, 4.13
19.6, 4.29
19.7, 4.46
19.8, 4.66
19.9, 4.78
20, 4.98
20.1, 5.03
20.2, 4.94
20.3, 4.87
20.4, 4.82
20.5, 4.85
20.6, 4.94
20.7, 5.13
20.8, 5.11
20.9, 5.15
21, 5.21
21.1, 5.21
21.2, 5.1
21.3, 5.05
21.4, 5.15
21.5, 5.25
21.6, 5.32
21.7, 5.26
21.8, 5.02
21.9, 4.52
22, 4.33
22.1, 4.72
22.2, 5.1
22.3, 5.25
22.4, 5.04
22.5, 4.88
22.6, 4.94
22.7, 5.09
22.8, 5.26
22.9, 5.14
23, 5.02
23.1, 4.94
23.2, 4.89
23.3, 4.86
23.4, 4.73
23.5, 4.62
23.6, 4.53
23.7, 4.41
23.8, 4.3
23.9, 4.26
24, 4.05
24.1, 3.81
24.2, 3.64
24.3, 3.54
24.4, 3.24
24.5, 3
24.6, 2.93
24.7, 2.87
24.8, 2.83
24.9, 2.89
25, 2.89
25.1, 2.75
25.2, 2.88
25.3, 3.43
25.4, 4.27
25.5, 4.81
25.6, 4.86
25.7, 4.54
25.8, 4.09
25.9, 3.85
26, 3.75
26.1, 3.83
26.2, 3.83
26.3, 3.64
26.4, 3.36
26.5, 3.23
26.6, 3.16
26.7, 3.32
26.8, 3.6
26.9, 3.83
27, 3.77
27.1, 3.56
27.2, 3.26
27.3, 3.2
27.4, 3.15
27.5, 3.23
27.6, 3.22
27.7, 3.11
27.8, 3.19
27.9, 3.19
28, 3.16
28.1, 2.97
28.2, 2.85
28.3, 2.77
28.4, 2.78
28.5, 2.5
28.6, 2.3
28.7, 2.34
28.8, 2.31
28.9, 2.16
29, 2.04
29.1, 1.96
29.2, 1.98
29.3, 1.91
29.4, 1.81
29.5, 1.96
29.6, 2.01
29.7, 1.8
29.8, 1.66
29.9, 1.73
30, 1.57
30.1, 1.5
30.2, 1.45
30.3, 1.26
30.4, 1.07
30.5, 1.07
30.6, 1.2
30.7, 1.19
30.8, 1.06
30.9, 0.89
31, 0.79
31.1, 0.75
31.2, 0.67
31.3, 0.57
31.4, 0.4
31.5, 0.38
31.6, 0.22
31.7, 0.33
31.8, 0.33
31.9, 0.34
32, 0.34
32.1, 0.35
32.2, 0.33
32.3, 0.35
32.4, 0.29
32.5, 0.34
32.6, 0.27
32.7, 0.05
32.8, -0.22
32.9, -0.28
33, -0.21
33.1, -0.21
33.2, -0.23
33.3, -0.25
33.4, -0.38
33.5, -0.43
33.6, -0.51
33.7, -0.64
33.8, -0.81
33.9, -0.85
34, -0.77
34.1, -0.84
34.2, -0.93
34.3, -1
34.4, -0.91
34.5, -0.91
34.6, -0.82
34.7, -0.88
34.8, -1
34.9, -1.05
35, -0.95
35.1, -0.89
35.2, -0.93
35.3, -1.11
35.4, -1.09
35.5, -1.07
35.6, -1.03
35.7, -1.06
35.8, -1.14
35.9, -1.43
36, -1.53
36.1, -1.63
36.2, -1.73
36.3, -1.78
36.4, -1.95
36.5, -2.04
36.6, -2.17
36.7, -2.1
36.8, -1.82
36.9, -1.67
37, -1.57
37.1, -1.65
37.2, -1.81
37.3, -1.87
37.4, -1.71
37.5, -1.5
37.6, -1.53
37.7, -1.44
37.8, -1.38
37.9, -1.11
38, -0.88
38.1, -0.68
38.2, -0.51
38.3, -0.38
38.4, -0.21
38.5, -0.14
38.6, -0.08
38.7, 0.02
38.8, 0.2
38.9, 0.4
39, 0.56
39.1, 0.72
39.2, 0.86
39.3, 0.97
39.4, 1.03
39.5, 1.08
39.6, 1.31
39.7, 1.4
39.8, 1.58
39.9, 1.67
40, 1.82
40.1, 1.95
40.2, 2.13
40.3, 2.33
40.4, 2.36
40.5, 2.45
40.6, 2.47
40.7, 2.47
40.8, 2.47
40.9, 2.61
41, 2.84
41.1, 2.98
41.2, 3.14
41.3, 3.37
41.4, 3.64
41.5, 3.73
41.6, 3.78
41.7, 3.9
41.8, 4.09
41.9, 4.1
42, 4.17
42.1, 4.46
42.2, 4.67
42.3, 4.74
42.4, 4.73
42.5, 4.53
42.6, 4.46
42.7, 4.6
42.8, 4.9
42.9, 4.98
43, 4.99
43.1, 5.11
43.2, 5.15
43.3, 5.21
43.4, 5.13
43.5, 5.17
43.6, 5.26
43.7, 5.29
43.8, 5.24
43.9, 5.19
44, 5.05
44.1, 5.07
44.2, 4.97
44.3, 4.82
44.4, 4.77
44.5, 4.59
44.6, 4.25
44.7, 4.12
44.8, 4.23
44.9, 4.32
45, 4.29
45.1, 4.35
45.2, 4.35
45.3, 4.35
45.4, 4.18
45.5, 4.05
45.6, 4.01
45.7, 3.97
45.8, 3.73
45.9, 3.35
46, 3.01
46.1, 2.8
46.2, 2.58
46.3, 2.53
46.4, 2.52
46.5, 2.5
46.6, 2.67
46.7, 2.85
46.8, 2.76
46.9, 2.72
47, 2.74
47.1, 2.8
47.2, 2.76
47.3, 2.73
47.4, 2.62
47.5, 2.42
47.6, 2.24
47.7, 2.14
47.8, 2.24
47.9, 2.04
48, 1.95
48.1, 1.95
48.2, 2.02
48.3, 2.09
48.4, 2.11
48.5, 1.89
48.6, 1.81
48.7, 1.82
48.8, 1.85
48.9, 1.74
49, 1.61
49.1, 1.54
49.2, 1.34
49.3, 1.14
49.4, 1
49.5, 0.88
49.6, 0.71
49.7, 0.52
49.8, 0.28
49.9, 0.09
50, -0.1
50.1, -0.2
50.2, -0.19
50.3, -0.15
50.4, -0.2
50.5, -0.46
50.6, -0.87
50.7, -1.18
50.8, -1.44
50.9, -1.65
51, -1.89
51.1, -2.05
51.2, -2.14
51.3, -2.26
51.4, -2.5
51.5, -2.82
51.6, -3.09
51.7, -3.42
51.8, -3.74
51.9, -4.04
52, -4.31
52.1, -4.5
52.2, -4.64
52.3, -4.59
52.4, -4.63
52.5, -4.83
52.6, -5
52.7, -5.02
52.8, -4.96
52.9, -4.84
53, -4.86
53.1, -4.92
53.2, -4.89
53.3, -4.79
53.4, -4.73
53.5, -4.73
53.6, -4.77
53.7, -4.94
53.8, -4.88
53.9, -4.75
54, -4.62
54.1, -4.7
54.2, -4.69
54.3, -4.58
54.4, -4.49
54.5, -4.56
54.6, -4.64
54.7, -4.71
54.8, -4.79
54.9, -4.95
55, -4.98
55.1, -4.79
55.2, -4.77
55.3, -4.87
55.4, -5.01
55.5, -4.98
55.6, -5.02
55.7, -5.2
55.8, -5.31
55.9, -5.36
56, -5.5
56.1, -5.59
56.2, -5.44
56.3, -5.1
56.4, -4.98
56.5, -4.95
56.6, -4.81
56.7, -4.58
56.8, -4.4
56.9, -4.26
57, -4.09
57.1, -4.07
57.2, -4.1
57.3, -4.06
57.4, -4.14
57.5, -4.21
57.6, -4.04
57.7, -3.79
57.8, -3.54
57.9, -3.54
58, -3.41
58.1, -3.43
58.2, -3.4
58.3, -3.58
58.4, -3.62
58.5, -3.78
58.6, -3.71
58.7, -3.47
58.8, -3.23
58.9, -2.98
59, -2.81
59.1, -2.81
59.2, -3
59.3, -3.32
59.4, -3.62
59.5, -3.66
59.6, -3.55
59.7, -3.33
59.8, -3.28
59.9, -3.19
60, -3.09
60.1, -3.13
60.2, -3.03
60.3, -3.07
60.4, -3.06
60.5, -3.05
60.6, -3.11
60.7, -3.23
60.8, -3.13
60.9, -2.95
61, -2.76
61.1, -2.74
61.2, -2.75
61.3, -2.7
61.4, -2.88
61.5, -2.93
61.6, -2.83
61.7, -2.69
61.8, -2.73
61.9, -2.79
62, -2.84
62.1, -2.94
62.2, -2.98
62.3, -3.07
62.4, -3.09
62.5, -3.14
62.6, -3.21
62.7, -3.26
62.8, -3.36
62.9, -3.45
63, -3.67
63.1, -3.85
63.2, -4.07
63.3, -4.28
63.4, -4.52
63.5, -4.69
63.6, -4.82
63.7, -4.93
63.8, -5.05
63.9, -5.16
64, -5.34
64.1, -5.65
64.2, -5.84
64.3, -5.87
64.4, -5.92
64.5, -6.05
64.6, -6.04
64.7, -6.1
64.8, -6.09
64.9, -6.3
65, -6.43
65.1, -6.5
65.2, -6.51
65.3, -6.63
65.4, -6.83
65.5, -6.94
65.6, -7.12
65.7, -7.23
65.8, -7.31
65.9, -7.45
66, -7.59
66.1, -7.81
66.2, -7.9
66.3, -7.86
66.4, -7.87
66.5, -8.13
66.6, -8.26
66.7, -8.34
66.8, -8.42
66.9, -8.76
67, -8.89
67.1, -9
67.2, -9.06
67.3, -9.04
67.4, -8.96
67.5, -8.98
67.6, -8.98
67.7, -8.9
67.8, -8.93
67.9, -9.03
68, -9.09
68.1, -9.22
68.2, -9.38
68.3, -9.46
68.4, -9.4
68.5, -9.44
68.6, -9.66
68.7, -9.74
68.8, -9.71
68.9, -9.67
69, -9.77
69.1, -9.72
69.2, -9.84
69.3, -9.9
69.4, -9.96
69.5, -10.04
69.6, -10.07
69.7, -10.09
69.8, -10.24
69.9, -10.51
70, -10.6
70.1, -10.63
70.2, -10.63
70.3, -10.57
70.4, -10.42
70.5, -10.31
70.6, -10.44
70.7, -10.4
70.8, -10.29
70.9, -10.16
71, -10.16
71.1, -10.08
71.2, -9.92
71.3, -9.82
71.4, -9.87
71.5, -9.97
71.6, -10.04
71.7, -9.8
71.8, -9.54
71.9, -9.41
72, -9.41
72.1, -9.5
72.2, -9.42
72.3, -9.37
72.4, -9.57
72.5, -9.55
72.6, -9.43
72.7, -9.23
72.8, -9.15
72.9, -9.05
73, -9.08
73.1, -9
73.2, -9.03
73.3, -8.9
73.4, -8.74
73.5, -8.6
73.6, -8.57
73.7, -8.57
73.8, -8.49
73.9, -8.41
74, -8.45
74.1, -8.41
74.2, -8.26
74.3, -8.28
74.4, -8.35
74.5, -8.36
74.6, -8.28
74.7, -8.13
74.8, -8.06
74.9, -8.03
75, -8.15
75.1, -8.19
75.2, -8.26
75.3, -8.19
75.4, -8.1
75.5, -7.87
75.6, -7.75
75.7, -7.48
75.8, -7.35
75.9, -7.4
76, -7.44
76.1, -7.5
76.2, -7.37
76.3, -7.09
76.4, -6.92
76.5, -6.72
76.6, -6.54
76.7, -6.4
76.8, -6.26
76.9, -6.12
77, -5.9
77.1, -5.68
77.2, -5.51
77.3, -5.3
77.4, -5.06
77.5, -5.06
77.6, -5.05
77.7, -4.89
77.8, -4.66
77.9, -4.56
78, -4.31
78.1, -4.1
78.2, -4.07
78.3, -4.05
78.4, -3.78
78.5, -3.39
78.6, -3.27
78.7, -3.16
78.8, -2.99
78.9, -2.76
79, -2.55
79.1, -2.54
79.2, -2.38
79.3, -2.26
79.4, -2.16
79.5, -1.86
79.6, -1.62
79.7, -1.52
79.8, -1.44
79.9, -1.27
80, -0.83
80.1, -0.16
80.2, 0.39
80.3, 0.38
80.4, -0.06
80.5, -0.37
80.6, -0.21
80.7, -0.06
80.8, 0
80.9, 0.12
81, 0.27
81.1, 0.3
81.2, 0.35
81.3, 0.51
81.4, 0.57
81.5, 0.52
81.6, 0.61
81.7, 0.68
81.8, 0.83
81.9, 0.91
82, 0.96
82.1, 0.76
82.2, 0.66
82.3, 0.71
82.4, 0.72
82.5, 0.7
82.6, 0.73
82.7, 0.68
82.8, 0.72
82.9, 0.58
83, 0.45
83.1, 0.63
83.2, 0.99
83.3, 1.75
83.4, 2.49
83.5, 2.81
83.6, 2.88
83.7, 2.8
83.8, 2.67
83.9, 2.62
84, 2.59
84.1, 2.62
84.2, 2.66
84.3, 2.76
84.4, 2.98
84.5, 3.25
84.6, 3.4
84.7, 3.45
84.8, 3.59
84.9, 3.93
85, 3.99
85.1, 4.03
85.2, 4.06
85.3, 4.17
85.4, 4.29
85.5, 4.45
85.6, 4.49
85.7, 4.46
85.8, 4.57
85.9, 4.76
86, 4.98
86.1, 5.24
86.2, 5.52
86.3, 5.7
86.4, 6.02
86.5, 6.32
86.6, 6.57
86.7, 6.83
86.8, 6.98
86.9, 7.1
87, 7.19
87.1, 7.36
87.2, 7.53
87.3, 7.74
87.4, 7.93
87.5, 8.06
87.6, 8.22
87.7, 8.32
87.8, 8.4
87.9, 8.49
88, 8.72
88.1, 8.88
88.2, 9.13
88.3, 9.14
88.4, 9.19
88.5, 9.28
88.6, 9.45
88.7, 9.67
88.8, 9.85
88.9, 10
89, 10.01
89.1, 10.03
89.2, 10.06
89.3, 10.05
89.4, 10.11
89.5, 10.15
89.6, 10.12
89.7, 10.23
89.8, 10.29
89.9, 10.34
90, 10.42
90.1, 10.46
90.2, 10.5
90.3, 10.45
90.4, 10.53
90.5, 10.43
90.6, 10.28
90.7, 10.24
90.8, 10.22
90.9, 10.16
91, 10.16
91.1, 10.33
91.2, 10.52
91.3, 10.66
91.4, 10.8
91.5, 10.91
91.6, 11.01
91.7, 10.98
91.8, 11.03
91.9, 11.05
92, 11
92.1, 10.95
92.2, 10.92
92.3, 10.87
92.4, 10.84
92.5, 10.72
92.6, 10.54
92.7, 10.53
92.8, 10.53
92.9, 10.45
93, 10.42
93.1, 10.63
93.2, 10.82
93.3, 10.99
93.4, 11.01
93.5, 10.87
93.6, 10.84
93.7, 10.93
93.8, 10.87
93.9, 10.89
94, 10.97
94.1, 10.94
94.2, 10.86
94.3, 10.86
94.4, 10.95
94.5, 10.88
94.6, 10.86
94.7, 10.76
94.8, 10.54
94.9, 10.57
95, 10.96
95.1, 11.09
95.2, 11.04
95.3, 10.86
95.4, 10.68
95.5, 10.48
95.6, 10.51
95.7, 10.48
95.8, 10.39
95.9, 10.2
96, 10.16
96.1, 9.94
96.2, 9.82
96.3, 9.8
96.4, 9.75
96.5, 9.66
96.6, 9.52
96.7, 9.3
96.8, 9.05
96.9, 8.77
97, 8.61
97.1, 8.44
97.2, 8.33
97.3, 8.21
97.4, 8.17
97.5, 8.06
97.6, 7.93
97.7, 7.92
97.8, 7.93
97.9, 7.85
98, 7.77
98.1, 7.67
98.2, 7.53
98.3, 7.28
98.4, 7.08
98.5, 6.89
98.6, 6.76
98.7, 6.69
98.8, 6.55
98.9, 6.51
99, 6.33
99.1, 6.2
99.2, 6.01
99.3, 5.87
99.4, 5.81
99.5, 5.88
99.6, 5.83
99.7, 5.69
99.8, 5.59
99.9, 5.4
100, 5.3
100.1, 5.2
100.2, 5.24
100.3, 5.14
100.4, 5.07
100.5, 4.97
100.6, 4.73
100.7, 4.61
100.8, 4.55
100.9, 4.49
101, 4.32
101.1, 4.04
101.2, 3.74
101.3, 3.51
101.4, 3.36
101.5, 3.3
101.6, 3.28
101.7, 3.09
101.8, 2.92
101.9, 2.69
102, 2.46
102.1, 2.27
102.2, 2.09
102.3, 1.87
102.4, 1.73
102.5, 1.52
102.6, 1.32
102.7, 1.06
102.8, 0.8
102.9, 0.66
103, 0.46
103.1, 0.34
103.2, 0.15
103.3, -0.11
103.4, -0.23
103.5, -0.42
103.6, -0.81
103.7, -1.18
103.8, -1.45
103.9, -1.47
104, -1.7
104.1, -1.85
104.2, -2.01
104.3, -2.13
104.4, -2.39
104.5, -2.69
104.6, -3.02
104.7, -3.38
104.8, -3.6
104.9, -3.87
105, -4.07
105.1, -4.5
105.2, -4.64
105.3, -4.85
105.4, -5.03
105.5, -5.27
105.6, -5.54
105.7, -5.73
105.8, -5.85
105.9, -6.1
106, -6.16
106.1, -6.19
106.2, -6.36
106.3, -6.68
106.4, -6.99
106.5, -7.47
106.6, -7.72
106.7, -7.81
106.8, -8.05
106.9, -8.25
107, -8.46
107.1, -8.67
107.2, -9
107.3, -9.24
107.4, -9.56
107.5, -9.8
107.6, -10.04
107.7, -10.06
107.8, -10.11
107.9, -10.3
108, -10.51
108.1, -10.7
108.2, -10.84
108.3, -10.97
108.4, -10.91
108.5, -10.84
108.6, -10.91
108.7, -11.03
108.8, -11.17
108.9, -11.39
109, -11.46
109.1, -11.56
109.2, -11.62
109.3, -11.73
109.4, -11.75
109.5, -11.82
109.6, -11.94
109.7, -11.94
109.8, -12.02
109.9, -12.08
110, -12.22
110.1, -12.32
110.2, -12.54
110.3, -12.59
110.4, -12.53
110.5, -12.6
110.6, -12.59
110.7, -12.41
110.8, -12.21
110.9, -12.1
111, -12.16
111.1, -12.31
111.2, -12.58
111.3, -12.64
111.4, -12.61
111.5, -12.53
111.6, -12.64
111.7, -12.58
111.8, -12.41
111.9, -12.28
112, -12.3
112.1, -12.42
112.2, -12.38
112.3, -12.45
112.4, -12.22
112.5, -11.89
112.6, -11.62
112.7, -11.48
112.8, -11.35
112.9, -11.07
113, -11.01
113.1, -10.86
113.2, -10.79
113.3, -10.55
113.4, -10.21
113.5, -9.93
113.6, -9.74
113.7, -9.69
113.8, -9.71
113.9, -9.71
114, -9.61
114.1, -9.48
114.2, -9.33
114.3, -9.12
114.4, -8.95
114.5, -8.63
114.6, -8.48
114.7, -8.32
114.8, -7.97
114.9, -7.78
115, -7.52
115.1, -7.31
115.2, -7.16
115.3, -7.15
115.4, -6.94
115.5, -6.66
115.6, -6.41
115.7, -6.04
115.8, -5.9
115.9, -5.7
116, -5.44
116.1, -5.27
116.2, -5.03
116.3, -4.89
116.4, -4.82
116.5, -4.88
116.6, -4.59
116.7, -4.25
116.8, -3.96
116.9, -3.65
117, -3.47
117.1, -3.32
117.2, -3.24
117.3, -3.08
117.4, -2.8
117.5, -2.63
117.6, -2.36
117.7, -2.07
117.8, -1.84
117.9, -1.64
118, -1.53
118.1, -1.4
118.2, -1.23
118.3, -1.03
118.4, -0.99
118.5, -0.63
118.6, -0.31
118.7, 0.13
118.8, 0.43
118.9, 0.68
119, 0.9
119.1, 0.98
119.2, 1.14
119.3, 1.3
119.4, 1.69
119.5, 1.81
119.6, 2.09
119.7, 2.17
119.8, 2.42
119.9, 2.63
120, 2.94
120.1, 3.19
120.2, 3.49
120.3, 3.7
120.4, 3.66
120.5, 3.77
120.6, 4.09
120.7, 4.44
120.8, 4.8
120.9, 4.93
121, 5.07
121.1, 5.13
121.2, 5.25
121.3, 5.37
121.4, 5.68
121.5, 5.98
121.6, 6.38
121.7, 6.55
121.8, 6.64
121.9, 6.69
122, 6.81
122.1, 6.92
122.2, 7
122.3, 7.33
122.4, 7.45
122.5, 7.67
122.6, 7.82
122.7, 7.95
122.8, 8.04
122.9, 8.26
123, 8.54
123.1, 8.63
123.2, 8.65
123.3, 8.84
123.4, 9.04
123.5, 9.26
123.6, 9.39
123.7, 9.43
123.8, 9.62
123.9, 9.7
124, 9.97
124.1, 10.12
124.2, 10.12
124.3, 10.02
124.4, 9.8
124.5, 9.65
124.6, 9.54
124.7, 9.25
124.8, 9.03
124.9, 8.86
125, 8.64
125.1, 8.56
125.2, 8.56
125.3, 8.52
125.4, 8.41
125.5, 8.27
125.6, 8.14
125.7, 8.04
125.8, 8.03
125.9, 7.89
126, 7.96
126.1, 7.92
126.2, 7.83
126.3, 7.6
126.4, 7.54
126.5, 7.4
126.6, 7.26
126.7, 7.36
126.8, 7.16
126.9, 6.93
127, 6.82
127.1, 6.82
127.2, 6.89
127.3, 7.06
127.4, 7.05
127.5, 7.06
127.6, 7.07
127.7, 6.98
127.8, 6.93
127.9, 6.96
128, 7.08
128.1, 7.18
128.2, 7.21
128.3, 7.07
128.4, 6.94
128.5, 6.92
128.6, 6.95
128.7, 6.94
128.8, 6.91
128.9, 6.75
129, 6.63
129.1, 6.68
129.2, 6.91
129.3, 7.09
129.4, 6.96
129.5, 6.87
129.6, 6.58
129.7, 6.29
129.8, 6.07
129.9, 5.9
130, 5.53
130.1, 5.44
130.2, 5.39
130.3, 5.33
130.4, 5.17
130.5, 5.02
130.6, 4.7
130.7, 4.58
130.8, 4.49
130.9, 4.61
131, 4.45
131.1, 4.15
131.2, 3.93
131.3, 3.86
131.4, 3.77
131.5, 3.66
131.6, 3.52
131.7, 3.42
131.8, 3.36
131.9, 3.33
132, 3.32
132.1, 3.11
132.2, 2.8
132.3, 2.72
132.4, 2.97
132.5, 3.56
132.6, 4.05
132.7, 4.16
132.8, 4.07
132.9, 3.87
133, 3.69
133.1, 3.57
133.2, 3.69
133.3, 3.66
133.4, 3.81
133.5, 4
133.6, 3.91
133.7, 3.79
133.8, 3.84
133.9, 3.58
134, 3.27
134.1, 2.96
134.2, 2.71
134.3, 2.32
134.4, 2.36
134.5, 2.48
134.6, 2.6
134.7, 2.7
134.8, 2.69
134.9, 2.52
135, 2.28
135.1, 2.21
135.2, 2.34
135.3, 2.5
135.4, 2.84
135.5, 2.94
135.6, 2.98
135.7, 2.95
135.8, 2.82
135.9, 2.69
136, 2.76
136.1, 2.76
136.2, 2.67
136.3, 2.76
136.4, 2.58
136.5, 2.47
136.6, 2.26
136.7, 2.08
136.8, 2.04
136.9, 2.12
137, 2.14
137.1, 2.04
137.2, 2.04
137.3, 2.05
137.4, 2.32
137.5, 2.46
137.6, 2.49
137.7, 2.52
137.8, 2.53
137.9, 2.58
138, 2.65
138.1, 2.81
138.2, 3
138.3, 3.04
138.4, 3.02
138.5, 2.94
138.6, 2.78
138.7, 2.58
138.8, 2.53
138.9, 2.63
139, 2.72
139.1, 2.66
139.2, 2.69
139.3, 2.55
139.4, 2.41
139.5, 2.3
139.6, 2.16
139.7, 2.03
139.8, 1.9
139.9, 1.76
140, 1.51
140.1, 1.53
140.2, 1.55
140.3, 1.45
140.4, 1.24
140.5, 0.94
140.6, 0.78
140.7, 0.83
140.8, 0.91
140.9, 0.92
141, 0.97
141.1, 0.96
141.2, 0.94
141.3, 0.85
141.4, 0.8
141.5, 0.74
141.6, 0.63
141.7, 0.6
141.8, 0.52
141.9, 0.39
142, 0.39
142.1, 0.25
142.2, 0.1
142.3, -0.06
142.4, -0.13
142.5, -0.04
142.6, 0.05
142.7, -0.07
142.8, -0.13
142.9, -0.1
143, 0.09
143.1, 0.01
143.2, -0.13
143.3, -0.34
143.4, -0.45
143.5, -0.53
143.6, -0.56
143.7, -0.64
143.8, -0.62
143.9, -0.53
144, -0.45
144.1, -0.47
144.2, -0.54
144.3, -0.51
144.4, -0.29
144.5, -0.12
144.6, -0.11
144.7, -0.22
144.8, -0.2
144.9, -0.17
145, -0.23
145.1, -0.22
145.2, -0.34
145.3, -0.4
145.4, -0.44
145.5, -0.46
145.6, -0.55
145.7, -0.69
145.8, -0.89
145.9, -1.06
146, -1.11
146.1, -1.1
146.2, -1.21
146.3, -1.29
146.4, -1.45
146.5, -1.66
146.6, -1.68
146.7, -1.69
146.8, -1.67
146.9, -1.73
147, -1.73
147.1, -1.72
147.2, -1.66
147.3, -1.52
147.4, -1.48
147.5, -1.52
147.6, -1.52
147.7, -1.56
147.8, -1.45
147.9, -1.48
148, -1.46
148.1, -1.43
148.2, -1.35
148.3, -1.19
148.4, -1.16
148.5, -1.12
148.6, -1
148.7, -0.98
148.8, -0.94
148.9, -0.84
149, -0.75
149.1, -0.61
149.2, -0.48
149.3, -0.37
149.4, -0.22
149.5, -0.13
149.6, -0.15
149.7, -0.21
149.8, -0.17
149.9, -0.06
150, -0.03
150.1, 0
150.2, 0.35
150.3, 0.54
150.4, 0.54
150.5, 0.52
150.6, 0.69
150.7, 0.7
150.8, 0.79
150.9, 0.9
151, 0.99
151.1, 0.87
151.2, 0.89
151.3, 1.05
151.4, 1.13
151.5, 1.25
151.6, 1.36
151.7, 1.49
151.8, 1.58
151.9, 1.71
152, 1.86
152.1, 1.95
152.2, 1.88
152.3, 1.76
152.4, 1.77
152.5, 1.75
152.6, 1.77
152.7, 1.99
152.8, 2.04
152.9, 2.09
153, 2.04
153.1, 2.11
153.2, 2.17
153.3, 2.22
153.4, 2.28
153.5, 2.29
153.6, 2.25
153.7, 2.39
153.8, 2.49
153.9, 2.48
154, 2.34
154.1, 2.46
154.2, 2.76
154.3, 2.92
154.4, 3
154.5, 2.92
154.6, 2.98
154.7, 3.04
154.8, 3.15
154.9, 3.09
155, 3.05
155.1, 3.03
155.2, 3.11
155.3, 3.06
155.4, 2.94
155.5, 2.78
155.6, 2.75
155.7, 2.72
155.8, 2.72
155.9, 2.73
156, 2.91
156.1, 3.07
156.2, 3.15
156.3, 3.12
156.4, 3.12
156.5, 3.05
156.6, 3.07
156.7, 3.18
156.8, 3.27
156.9, 3.31
157, 3.3
157.1, 3.26
157.2, 3.19
157.3, 3.12
157.4, 3.09
157.5, 2.99
157.6, 2.89
157.7, 2.81
157.8, 2.85
157.9, 2.77
158, 2.59
158.1, 2.61
158.2, 2.62
158.3, 2.62
158.4, 2.57
158.5, 2.45
158.6, 2.19
158.7, 2.04
158.8, 2.01
158.9, 2.02
159, 1.92
159.1, 1.8
159.2, 1.8
159.3, 1.74
159.4, 1.64
159.5, 1.68
159.6, 1.5
159.7, 1.37
159.8, 1.21
159.9, 1.04
160, 1.06
160.1, 1.09
160.2, 1.01
160.3, 0.99
160.4, 0.87
160.5, 0.69
160.6, 0.44
160.7, 0.37
160.8, 0.35
160.9, 0.34
161, 0.23
161.1, 0.04
161.2, -0.2
161.3, -0.3
161.4, -0.33
161.5, -0.26
161.6, -0.26
161.7, -0.48
161.8, -0.74
161.9, -0.81
162, -0.79
162.1, -0.88
162.2, -0.89
162.3, -0.95
162.4, -1.08
162.5, -1.26
162.6, -1.36
162.7, -1.36
162.8, -1.46
162.9, -1.46
163, -1.63
163.1, -1.76
163.2, -1.9
163.3, -2.03
163.4, -2.13
163.5, -2.34
163.6, -2.47
163.7, -2.43
163.8, -2.49
163.9, -2.63
164, -2.6
164.1, -2.66
164.2, -2.79
164.3, -2.73
164.4, -2.72
164.5, -2.78
164.6, -2.92
164.7, -2.85
164.8, -2.83
164.9, -2.93
165, -2.99
165.1, -2.93
165.2, -2.82
165.3, -2.8
165.4, -2.92
165.5, -3.07
165.6, -3.16
165.7, -3.31
165.8, -3.37
165.9, -3.35
166, -3.18
166.1, -3.08
166.2, -3.06
166.3, -2.95
166.4, -2.88
166.5, -2.87
166.6, -2.8
166.7, -2.6
166.8, -2.42
166.9, -2.32
167, -2.31
167.1, -2.18
167.2, -2.04
167.3, -1.88
167.4, -1.72
167.5, -1.53
167.6, -1.44
167.7, -1.4
167.8, -1.42
167.9, -1.37
168, -1.36
168.1, -1.25
168.2, -1.2
168.3, -1.3
168.4, -1.24
168.5, -1.1
168.6, -0.9
168.7, -0.81
168.8, -0.75
168.9, -0.65
169, -0.51
169.1, -0.6
169.2, -0.62
169.3, -0.64
169.4, -0.57
169.5, -0.58
169.6, -0.55
169.7, -0.55
169.8, -0.42
169.9, -0.36
170, -0.26
170.1, -0.18
170.2, -0.17
170.3, -0.21
170.4, -0.34
170.5, -0.25
170.6, -0.14
170.7, 0
170.8, 0.24
170.9, 0.59
171, 0.89
171.1, 1.11
171.2, 1.26
171.3, 1.34
171.4, 1.56
171.5, 1.75
171.6, 1.83
171.7, 2.02
171.8, 2.25
171.9, 2.44
172, 2.51
172.1, 2.7
172.2, 2.85
172.3, 2.88
172.4, 2.67
172.5, 2.47
172.6, 2.45
172.7, 2.75
172.8, 3
172.9, 3.19
173, 3.31
173.1, 3.38
173.2, 3.57
173.3, 3.74
173.4, 3.91
173.5, 3.9
173.6, 3.99
173.7, 4.03
173.8, 4.14
173.9, 4.19
174, 4.28
174.1, 4.27
174.2, 4.34
174.3, 4.34
174.4, 4.59
174.5, 4.79
174.6, 4.94
174.7, 5.02
174.8, 5.13
174.9, 5.25
175, 5.29
175.1, 5.36
175.2, 5.49
175.3, 5.49
175.4, 5.61
175.5, 5.8
175.6, 5.9
175.7, 5.87
175.8, 5.93
175.9, 5.93
176, 6.18
176.1, 6.17
176.2, 6.28
176.3, 6.29
176.4, 6.2
176.5, 6.21
176.6, 6.2
176.7, 6.06
176.8, 6.01
176.9, 6.06
177, 6.12
177.1, 6.14
177.2, 6.19
177.3, 6.19
177.4, 6.41
177.5, 6.66
177.6, 6.81
177.7, 6.95
177.8, 7.02
177.9, 6.99
178, 6.92
178.1, 7.22
178.2, 7.32
178.3, 7.46
178.4, 7.47
178.5, 7.56
178.6, 7.7
178.7, 7.85
178.8, 7.8
178.9, 7.77
179, 7.8
179.1, 7.88
179.2, 7.93
179.3, 7.93
179.4, 7.88
179.5, 7.93
179.6, 8.02
179.7, 8.17
179.8, 8.24
179.9, 8.44
180, 8.58
180.1, 8.68
180.2, 8.82
180.3, 8.95
180.4, 9.12
180.5, 9.24
180.6, 9.41
180.7, 9.47
180.8, 10.29
180.9, 10.4
181, 9.83
181.1, 10.01
181.2, 10.24
181.3, 10.24
181.4, 10.1
181.5, 9.97
181.6, 10.09
181.7, 10.36
181.8, 10.77
181.9, 11.17
182, 11.48
182.1, 11.8
182.2, 12
182.3, 12.13
182.4, 12.13
182.5, 12.22
182.6, 12.27
182.7, 12.35
182.8, 12.44
182.9, 12.46
183, 12.56
183.1, 12.68
183.2, 12.8
183.3, 12.85
183.4, 12.72
183.5, 12.85
183.6, 12.83
183.7, 12.99
183.8, 13.04
183.9, 13.21
184, 13.26
184.1, 13.38
184.2, 13.43
184.3, 13.54
184.4, 13.36
184.5, 13.25
184.6, 13.36
184.7, 13.48
184.8, 13.67
184.9, 13.79
185, 13.85
185.1, 13.91
185.2, 13.97
185.3, 14
185.4, 14.09
185.5, 14.1
185.6, 14.21
185.7, 14.18
185.8, 14.23
185.9, 14.18
186, 14.25
186.1, 14.42
186.2, 14.59
186.3, 14.69
186.4, 14.73
186.5, 14.8
186.6, 14.89
186.7, 14.83
186.8, 14.83
186.9, 14.99
187, 15.23
187.1, 15.53
187.2, 15.71
187.3, 15.94
187.4, 15.99
187.5, 16.15
187.6, 16.26
187.7, 16.51
187.8, 16.73
187.9, 16.95
188, 17.11
188.1, 17.18
188.2, 17.19
188.3, 17.29
188.4, 17.45
188.5, 17.54
188.6, 17.71
188.7, 17.87
188.8, 17.98
188.9, 18.01
189, 18.14
189.1, 18.42
189.2, 18.48
189.3, 18.55
189.4, 18.73
189.5, 18.95
189.6, 19.01
189.7, 19.16
189.8, 19.36
189.9, 19.51
190, 19.72
190.1, 19.8
190.2, 19.92
190.3, 20
190.4, 20.16
190.5, 20.38
190.6, 20.49
190.7, 20.65
190.8, 20.72
190.9, 20.62
191, 20.49
191.1, 20.41
191.2, 20.33
191.3, 19.99
191.4, 19.69
191.5, 19.53
191.6, 19.43
191.7, 19.28
191.8, 19.1
191.9, 18.8
192, 18.58
192.1, 18.52
192.2, 18.55
192.3, 18.55
192.4, 18.44
192.5, 18.41
192.6, 18.3
192.7, 18.13
192.8, 17.85
192.9, 17.63
193, 17.51
193.1, 17.29
193.2, 17.15
193.3, 17.11
193.4, 17.08
193.5, 16.98
193.6, 16.72
193.7, 16.43
193.8, 16.41
193.9, 16.61
194, 16.71
194.1, 16.75
194.2, 16.91
194.3, 17.02
194.4, 16.95
194.5, 16.79
194.6, 16.51
194.7, 16.17
194.8, 15.89
194.9, 15.71
195, 15.44
195.1, 15.16
195.2, 14.99
195.3, 14.96
195.4, 14.84
195.5, 14.73
195.6, 14.57
195.7, 14.46
195.8, 14.31
195.9, 14.29
196, 14.18
196.1, 14.11
196.2, 14.02
196.3, 13.95
196.4, 13.82
196.5, 13.59
196.6, 13.49
196.7, 13.47
196.8, 13.46
196.9, 13.35
197, 13.03
197.1, 12.8
197.2, 12.56
197.3, 12.36
197.4, 12.21
197.5, 12.02
197.6, 11.68
197.7, 11.46
197.8, 11.23
197.9, 10.97
198, 10.76
198.1, 10.55
198.2, 10.51
198.3, 10.43
198.4, 10.19
198.5, 10
198.6, 9.89
198.7, 9.85
198.8, 9.64
198.9, 9.47
199, 9.29
199.1, 9.22
199.2, 9.13
199.3, 9
199.4, 8.95
199.5, 8.81
199.6, 8.55
199.7, 8.48
199.8, 8.53
199.9, 8.43
200, 8.26
200.1, 8.06
200.2, 7.75
200.3, 7.56
200.4, 7.48
200.5, 7.4
200.6, 7.21
200.7, 6.94
200.8, 6.83
200.9, 6.73
201, 6.56
201.1, 6.42
201.2, 6.4
201.3, 6.31
201.4, 6.16
201.5, 5.99
201.6, 5.8
201.7, 5.62
201.8, 5.51
201.9, 5.38
202, 5.1
202.1, 4.84
202.2, 4.78
202.3, 4.51
202.4, 4.27
202.5, 3.86
202.6, 3.5
202.7, 3.17
202.8, 2.87
202.9, 2.86
203, 2.82
203.1, 2.71
203.2, 2.46
203.3, 2.31
203.4, 2.27
203.5, 2.29
203.6, 2.18
203.7, 1.96
203.8, 1.89
203.9, 1.78
204, 1.78
204.1, 1.7
204.2, 1.56
204.3, 1.41
204.4, 1.34
204.5, 1.33
204.6, 1.34
204.7, 1.32
204.8, 1.33
204.9, 1.26
205, 1.21
205.1, 1.21
205.2, 1.28
205.3, 1.27
205.4, 1.24
205.5, 1.31
205.6, 1.19
205.7, 1.07
205.8, 0.88
205.9, 0.87
206, 0.8
206.1, 0.8
206.2, 0.87
206.3, 0.94
206.4, 1.1
206.5, 1.04
206.6, 0.95
206.7, 0.69
206.8, 0.62
206.9, 0.53
207, 0.43
207.1, 0.46
207.2, 0.68
207.3, 0.74
207.4, 0.94
207.5, 1.21
207.6, 1.48
207.7, 1.58
207.8, 1.38
207.9, 1.19
208, 1.04
208.1, 0.85
208.2, 0.7
208.3, 0.61
208.4, 0.33
208.5, 0.18
208.6, 0.2
208.7, 0.13
208.8, 0.01
208.9, -0.03
209, -0.16
209.1, -0.32
209.2, -0.37
209.3, -0.3
209.4, -0.29
209.5, -0.35
209.6, -0.47
209.7, -0.63
209.8, -0.77
209.9, -0.95
210, -1.02
210.1, -1.12
210.2, -1.37
210.3, -1.8
210.4, -2.26
210.5, -2.71
210.6, -2.78
210.7, -2.43
210.8, -2.06
210.9, -2.02
211, -2.28
211.1, -2.74
211.2, -3.11
211.3, -3.45
211.4, -3.75
211.5, -4.01
211.6, -4.15
211.7, -4.17
211.8, -4.31
211.9, -4.34
212, -4.35
212.1, -4.59
212.2, -4.78
212.3, -4.9
212.4, -4.89
212.5, -4.93
212.6, -4.93
212.7, -4.88
212.8, -4.77
212.9, -4.82
213, -4.93
213.1, -5.05
213.2, -5.02
213.3, -4.87
213.4, -4.74
213.5, -4.56
213.6, -4.44
213.7, -4.54
213.8, -4.66
213.9, -4.73
214, -4.67
214.1, -4.68
214.2, -4.61
214.3, -4.4
214.4, -4.26
214.5, -4.29
214.6, -4.4
214.7, -4.45
214.8, -4.47
214.9, -4.39
215, -4.38
215.1, -4.36
215.2, -4.16
215.3, -4.1
215.4, -3.97
215.5, -3.94
215.6, -3.94
215.7, -4.09
215.8, -4.23
215.9, -4.37
216, -4.5
216.1, -4.76
216.2, -4.83
216.3, -4.96
216.4, -4.99
216.5, -5.04
216.6, -5.03
216.7, -5.15
216.8, -5.32
216.9, -5.44
217, -5.54
217.1, -5.62
217.2, -5.86
217.3, -5.91
217.4, -6.05
217.5, -6.17
217.6, -6.31
217.7, -6.37
217.8, -6.44
217.9, -6.37
218, -6.64
218.1, -6.79
218.2, -6.88
218.3, -6.76
218.4, -6.59
218.5, -6.38
218.6, -6.44
218.7, -6.66
218.8, -6.86
218.9, -7.04
219, -7.09
219.1, -7.12
219.2, -7.17
219.3, -7.23
219.4, -7.39
219.5, -7.44
219.6, -7.52
219.7, -7.62
219.8, -7.59
219.9, -7.58
220, -7.72
220.1, -7.77
220.2, -7.68
220.3, -7.54
220.4, -7.42
220.5, -7.69
220.6, -7.83
220.7, -7.97
220.8, -8.08
220.9, -8.15
221, -8.32
221.1, -8.44
221.2, -8.45
221.3, -8.46
221.4, -8.54
221.5, -8.68
221.6, -8.55
221.7, -8.6
221.8, -8.67
221.9, -8.91
222, -9
222.1, -8.96
222.2, -8.69
222.3, -8.33
222.4, -7.99
222.5, -8
222.6, -7.92
222.7, -7.5
222.8, -6.77
222.9, -6.25
223, -5.88
223.1, -5.68
223.2, -5.54
223.3, -5.39
223.4, -5.31
223.5, -5.17
223.6, -4.96
223.7, -4.95
223.8, -4.97
223.9, -4.98
224, -4.95
224.1, -5.11
224.2, -5.29
224.3, -5.27
224.4, -5.3
224.5, -5.09
224.6, -4.63
224.7, -4.14
224.8, -3.95
224.9, -3.88
225, -3.87
225.1, -3.79
225.2, -3.74
225.3, -3.63
225.4, -3.34
225.5, -2.81
225.6, -2.17
225.7, -1.8
225.8, -1.6
225.9, -1.24
226, -0.59
226.1, -0.15
226.2, 0.09
226.3, 0.05
226.4, 0.04
226.5, 0.12
226.6, 0.31
226.7, 0.42
226.8, 0.54
226.9, 0.46
227, 0.65
227.1, 0.59
227.2, 0.53
227.3, 0.53
227.4, 0.54
227.5, 0.56
227.6, 0.59
227.7, 0.72
227.8, 1.04
227.9, 1.16
228, 1.3
228.1, 1.53
228.2, 1.94
228.3, 2.17
228.4, 2.04
228.5, 2.08
228.6, 2.34
228.7, 2.68
228.8, 2.81
228.9, 2.97
229, 3.15
229.1, 3.54
229.2, 3.88
229.3, 4.09
229.4, 4.09
229.5, 4.07
229.6, 4.21
229.7, 4.39
229.8, 4.48
229.9, 4.48
230, 4.44
230.1, 4.43
230.2, 4.47
230.3, 4.54
230.4, 4.42
230.5, 4.61
230.6, 4.84
230.7, 5.01
230.8, 5.05
230.9, 5.26
231, 5.41
231.1, 5.48
231.2, 5.59
231.3, 5.77
231.4, 5.98
231.5, 6.22
231.6, 6.43
231.7, 6.64
231.8, 6.78
231.9, 7.21
232, 7.54
232.1, 7.7
232.2, 7.77
232.3, 7.99
232.4, 8.21
232.5, 8.09
232.6, 8.02
232.7, 7.95
232.8, 7.99
232.9, 8.06
233, 8.24
233.1, 8.24
233.2, 8.17
233.3, 8.14
233.4, 8.25
233.5, 8.25
233.6, 8.23
233.7, 8.23
233.8, 8.07
233.9, 7.85
234, 7.81
234.1, 7.84
234.2, 7.76
234.3, 7.62
234.4, 7.65
234.5, 7.81
234.6, 7.92
234.7, 7.71
234.8, 7.52
234.9, 7.25
235, 7.29
235.1, 7.18
235.2, 7.13
235.3, 7.13
235.4, 7.21
235.5, 7.3
235.6, 7.34
235.7, 7.39
235.8, 7.43
235.9, 7.36
236, 7.32
236.1, 7.1
236.2, 6.86
236.3, 6.72
236.4, 6.73
236.5, 6.86
236.6, 6.66
236.7, 6.49
236.8, 6.41
236.9, 6.56
237, 6.69
237.1, 6.77
237.2, 6.84
237.3, 6.84
237.4, 6.85
237.5, 6.9
237.6, 6.93
237.7, 6.97
237.8, 6.93
237.9, 6.89
238, 6.88
238.1, 6.86
238.2, 6.74
238.3, 6.57
238.4, 6.43
238.5, 6.3
238.6, 6.21
238.7, 6.15
238.8, 6.1
238.9, 5.92
239, 5.77
239.1, 5.69
239.2, 5.55
239.3, 5.36
239.4, 5.24
239.5, 5.21
239.6, 5.06
239.7, 4.73
239.8, 4.47
239.9, 4.29
240, 4.16
240.1, 3.99
240.2, 3.82
240.3, 3.78
240.4, 3.63
240.5, 3.52
240.6, 3.39
240.7, 3.26
240.8, 3.25
240.9, 3.33
241, 3.27
241.1, 3.27
241.2, 3.51
241.3, 3.76
241.4, 3.98
241.5, 4.28
241.6, 4.56
241.7, 4.91
241.8, 5.18
241.9, 5.43
242, 5.65
242.1, 5.8
242.2, 5.91
242.3, 6.08
242.4, 6.26
242.5, 6.39
242.6, 6.51
242.7, 6.65
242.8, 6.79
242.9, 6.99
243, 7.1
243.1, 7.26
243.2, 7.31
243.3, 7.38
243.4, 7.6
243.5, 7.78
243.6, 8.08
243.7, 8.26
243.8, 8.5
243.9, 8.56
244, 8.54
244.1, 8.37
244.2, 8.62
244.3, 8.94
244.4, 9.2
244.5, 9.45
244.6, 9.75
244.7, 9.92
244.8, 10.11
244.9, 10.34
245, 10.55
245.1, 10.75
245.2, 10.82
245.3, 10.9
245.4, 10.9
245.5, 10.97
245.6, 10.99
245.7, 11.07
245.8, 11.07
245.9, 11.14
246, 11.14
246.1, 11.06
246.2, 10.93
246.3, 10.88
246.4, 10.91
246.5, 10.91
246.6, 10.98
246.7, 10.99
246.8, 11.05
246.9, 11.23
247, 11.32
247.1, 11.39
247.2, 11.36
247.3, 11.23
247.4, 11.22
247.5, 11.29
247.6, 11.45
247.7, 11.7
247.8, 11.85
247.9, 11.93
248, 11.98
248.1, 11.92
248.2, 11.84
248.3, 11.87
248.4, 12
248.5, 12.01
248.6, 11.95
248.7, 11.81
248.8, 11.51
248.9, 11.52
249, 11.49
249.1, 11.46
249.2, 11.17
249.3, 11.13
249.4, 11.24
249.5, 11.34
249.6, 11.35
249.7, 11.37
249.8, 11.43
249.9, 11.3
250, 11.21
250.1, 11.18
250.2, 11.28
250.3, 11.15
250.4, 11.21
250.5, 11.19
250.6, 11.19
250.7, 11.22
250.8, 11.13
250.9, 11.02
251, 10.96
251.1, 11.04
251.2, 11.01
251.3, 11
251.4, 10.97
251.5, 10.6
251.6, 10.23
251.7, 10.21
251.8, 10.38
251.9, 10.37
252, 10.4
252.1, 10.37
252.2, 10.33
252.3, 10.17
252.4, 10.02
252.5, 10.02
252.6, 10.11
252.7, 9.97
252.8, 10.03
252.9, 9.9
253, 9.83
253.1, 9.74
253.2, 9.77
253.3, 9.84
253.4, 9.77
253.5, 9.64
253.6, 9.62
253.7, 9.49
253.8, 9.26
253.9, 9.1
254, 8.83
254.1, 8.77
254.2, 8.66
254.3, 8.67
254.4, 8.64
254.5, 8.67
254.6, 8.65
254.7, 8.62
254.8, 8.59
254.9, 8.52
255, 8.45
255.1, 8.15
255.2, 7.9
255.3, 7.68
255.4, 7.44
255.5, 7.12
255.6, 6.87
255.7, 6.61
255.8, 6.3
255.9, 5.97
256, 5.89
256.1, 5.76
256.2, 5.68
256.3, 5.55
256.4, 5.45
256.5, 5.24
256.6, 4.97
256.7, 4.86
256.8, 4.6
256.9, 4.38
257, 4.12
257.1, 3.82
257.2, 3.4
257.3, 3.18
257.4, 2.9
257.5, 2.67
257.6, 2.33
257.7, 1.81
257.8, 1.33
257.9, 1.05
258, 0.69
258.1, 0.43
258.2, 0.23
258.3, 0.15
258.4, 0
258.5, -0.37
258.6, -0.61
258.7, -0.72
258.8, -0.76
258.9, -0.98
259, -1.22
259.1, -1.42
259.2, -1.65
259.3, -1.89
259.4, -2.13
259.5, -2.25
259.6, -2.41
259.7, -2.48
259.8, -2.58
259.9, -2.62
260, -2.7
260.1, -2.95
260.2, -3.2
260.3, -3.47
260.4, -3.79
260.5, -3.92
260.6, -4.15
260.7, -4.13
260.8, -4.29
260.9, -4.43
261, -4.56
261.1, -4.73
261.2, -4.87
261.3, -4.93
261.4, -4.85
261.5, -4.88
261.6, -5.07
261.7, -5.47
261.8, -5.89
261.9, -6.15
262, -6.36
262.1, -6.48
262.2, -6.72
262.3, -7.06
262.4, -7.36
262.5, -7.67
262.6, -7.85
262.7, -8.23
262.8, -8.44
262.9, -8.74
263, -8.82
263.1, -8.85
263.2, -9.06
263.3, -9.27
263.4, -9.63
263.5, -9.84
263.6, -10.18
263.7, -10.37
263.8, -10.7
263.9, -10.86
264, -11
264.1, -11.22
264.2, -11.51
264.3, -11.89
264.4, -12.38
264.5, -12.8
264.6, -13.2
264.7, -13.49
264.8, -13.81
264.9, -14.08
265, -14.42
265.1, -14.69
265.2, -15.02
265.3, -15.35
265.4, -15.73
265.5, -16.13
265.6, -16.45
265.7, -16.66
265.8, -16.8
265.9, -17.15
266, -17.6
266.1, -17.97
266.2, -18.32
266.3, -18.78
266.4, -19.06
266.5, -19.15
266.6, -19.26
266.7, -19.42
266.8, -19.54
266.9, -19.76
267, -20.1
267.1, -20.23
267.2, -20.25
267.3, -20.54
267.4, -20.91
267.5, -21.13
267.6, -21.34
267.7, -21.63
267.8, -21.76
267.9, -21.89
268, -22.06
268.1, -22.37
268.2, -22.54
268.3, -22.83
268.4, -23.03
268.5, -23.24
268.6, -23.51
268.7, -23.9
268.8, -24.08
268.9, -24.1
269, -24.19
269.1, -24.34
269.2, -24.44
269.3, -24.62
269.4, -24.9
269.5, -25.1
269.6, -25.05
269.7, -25.06
269.8, -25.28
269.9, -25.53
270, -25.6
270.1, -25.61
270.2, -25.71
270.3, -25.8
270.4, -25.97
270.5, -26.07
270.6, -26.1
270.7, -26.17
270.8, -26.33
270.9, -26.43
271, -26.65
271.1, -26.76
271.2, -26.79
271.3, -26.82
271.4, -26.9
271.5, -27.02
271.6, -27.16
271.7, -27.28
271.8, -27.39
271.9, -27.49
272, -27.67
272.1, -27.86
272.2, -27.89
272.3, -27.86
272.4, -27.91
272.5, -28.04
272.6, -28.09
272.7, -28
272.8, -27.92
272.9, -27.93
273, -28.03
273.1, -28.02
273.2, -27.98
273.3, -28.07
273.4, -28.18
273.5, -28.24
273.6, -28.29
273.7, -28.34
273.8, -28.39
273.9, -28.51
274, -28.62
274.1, -28.66
274.2, -28.79
274.3, -28.85
274.4, -28.84
274.5, -28.75
274.6, -28.57
274.7, -28.42
274.8, -28.26
274.9, -28.21
275, -28.2
275.1, -28.18
275.2, -28.21
275.3, -28.1
275.4, -28.05
275.5, -28.19
275.6, -28.32
275.7, -28.44
275.8, -28.56
275.9, -28.88
276, -29.05
276.1, -29.1
276.2, -29
276.3, -28.94
276.4, -28.83
276.5, -28.68
276.6, -28.54
276.7, -28.27
276.8, -28.1
276.9, -27.83
277, -27.53
277.1, -27.33
277.2, -27.18
277.3, -27.11
277.4, -27.01
277.5, -26.93
277.6, -26.87
277.7, -26.82
277.8, -26.78
277.9, -26.93
278, -26.84
278.1, -26.53
278.2, -26.29
278.3, -26.37
278.4, -26.42
278.5, -26.19
278.6, -25.97
278.7, -25.89
278.8, -25.71
278.9, -25.43
279, -25.12
279.1, -24.85
279.2, -24.44
279.3, -24.11
279.4, -23.78
279.5, -23.54
279.6, -23.35
279.7, -23.21
279.8, -23.13
279.9, -23.17
280, -23.3
280.1, -23.46
280.2, -23.51
280.3, -23.32
280.4, -23.06
280.5, -22.79
280.6, -22.45
280.7, -22.17
280.8, -21.87
280.9, -21.61
281, -21.48
281.1, -21.29
281.2, -21.07
281.3, -20.86
281.4, -20.73
281.5, -20.52
281.6, -20.4
281.7, -20.12
281.8, -19.76
281.9, -19.47
282, -19.41
282.1, -19.29
282.2, -19.26
282.3, -19.15
282.4, -19.03
282.5, -18.84
282.6, -18.69
282.7, -18.51
282.8, -18.4
282.9, -18.38
283, -18.39
283.1, -18.22
283.2, -18.13
283.3, -17.84
283.4, -17.6
283.5, -17.34
283.6, -17.25
283.7, -16.94
283.8, -16.56
283.9, -16.3
284, -16.08
284.1, -15.94
284.2, -15.84
284.3, -15.64
284.4, -15.36
284.5, -15.06
284.6, -14.86
284.7, -14.64
284.8, -14.57
284.9, -14.48
285, -14.35
285.1, -14.25
285.2, -14.11
285.3, -13.94
285.4, -13.78
285.5, -13.61
285.6, -13.41
285.7, -13.21
285.8, -13.04
285.9, -12.9
286, -12.67
286.1, -12.41
286.2, -12.22
286.3, -12.1
286.4, -11.77
286.5, -11.18
286.6, -10.72
286.7, -10.41
286.8, -10.28
286.9, -10.25
287, -9.97
287.1, -9.79
287.2, -9.45
287.3, -9.28
287.4, -9.07
287.5, -8.88
287.6, -8.49
287.7, -8.08
287.8, -7.74
287.9, -7.43
288, -7.26
288.1, -7.11
288.2, -6.87
288.3, -6.41
288.4, -6.07
288.5, -5.66
288.6, -5.24
288.7, -4.79
288.8, -4.47
288.9, -4.15
289, -3.79
289.1, -3.38
289.2, -2.92
289.3, -2.62
289.4, -2.44
289.5, -2.2
289.6, -1.91
289.7, -1.56
289.8, -1.33
289.9, -1.06
290, -0.81
290.1, -0.5
290.2, -0.21
290.3, -0.09
290.4, 0.25
290.5, 0.77
290.6, 1.33
290.7, 1.69
290.8, 1.94
290.9, 2.26
291, 2.59
291.1, 2.91
291.2, 3.27
291.3, 3.52
291.4, 3.83
291.5, 4.19
291.6, 4.55
291.7, 5.02
291.8, 5.41
291.9, 5.73
292, 6.13
292.1, 6.51
292.2, 6.99
292.3, 7.3
292.4, 7.53
292.5, 7.84
292.6, 8.19
292.7, 8.43
292.8, 8.62
292.9, 8.94
293, 9.25
293.1, 9.54
293.2, 9.75
293.3, 9.98
293.4, 10.23
293.5, 10.55
293.6, 10.88
293.7, 11.3
293.8, 11.71
293.9, 12.07
294, 12.58
294.1, 12.96
294.2, 13.25
294.3, 13.65
294.4, 14
294.5, 14.35
294.6, 14.59
294.7, 14.84
294.8, 15.03
294.9, 15.32
295, 15.61
295.1, 16.03
296.1, 16.03
296.2, -0.54
ENDTABLE
#RadioCtrl0 1    
#RadioCtrl1 1    



#EMBEDDED_NOTES
#Road roughness is elevation of the road that is added under the tires as the vehicle travels. It is not seen in the animator.
#
#Rough Road 04:
#
#New Asphalt Overlay
#55 in/mi (0.87 m/km) IRI
#Test Road Speed Limit = 70 mph (112.65 kph)
#M-14 East, East of US-23 Interchange
#
#IRI = International Roughness Index
#END_EMBEDDED_NOTES

LOG_ENTRY Used Dataset: Surface: Roughness Profiles; { Rough Road - Sample Data Edited } Rough Road 04 - 55 in/mi (0.87 m/km)
#Library : Surface: Roughness Profiles
#DataSet : Rough Road 04 - 55 in/mi (0.87 m/km)
#Category: Rough Road - Sample Data Edited
#FileID  : Profile_26561b5c-2b57-4c52-9487-718b00d84997
#Created : 01-22-2024 12:33:08
#Modified: 01-22-2024 16:26:52
#Product : CarSim 2022.0
#DataVer : 2022.0
#VehCode Roughness Profile

END
