PARSFILE
#FullDataName Suspension: Dive Angle (Solid Axle)`2D Dive - 4 Link w/ Track Bar`Rear
#CheckBox0 0    

#RingCtrl0 2D_SPLINE
#RadioCtrl0 0    
#RadioCtrl1 0    

*3D_XLabel Roll relative to axle (deg)
*3D_YLabel Suspension cmp. (jounce) (mm)
*3D_ZLabel Dive angle (deg)

#DiagramTwo0
*3D_DATA 17, 17 ! columns x rows
SUSP_DIVE_AXLE_CARPET 2D_SPLINE
0, -4, -3.5, -3, -2.5, -2, -1.5, -1, -0.5, 0, 0.5, 1, 1.5, 2, 2.5, 3, 3.5, 4
-80, 0.4982, 0.49683, 0.49718, 0.49754, 0.49788, 0.49821, 0.49994, 0.50189, 0.50383, 0.50569, 0.50814, 0.51103, 0.51393, 0.51669, 0.51949, 0.52252, 0.52556
-70, 0.58754, 0.58589, 0.58423, 0.58403, 0.58437, 0.58474, 0.58511, 0.58612, 0.58797, 0.58977, 0.59157, 0.5935, 0.5962, 0.59878, 0.60132, 0.60385, 0.60654
-60, 0.67517, 0.67367, 0.67216, 0.67065, 0.66972, 0.67016, 0.6706, 0.67104, 0.67148, 0.67325, 0.67501, 0.67678, 0.67855, 0.68073, 0.6831, 0.68547, 0.68783
-50, 0.7626, 0.75956, 0.75825, 0.75694, 0.7557, 0.75463, 0.75495, 0.7555, 0.75604, 0.7567, 0.75798, 0.75973, 0.76148, 0.76322, 0.76508, 0.76729, 0.76949
-40, 0.8497, 0.84667, 0.84365, 0.84206, 0.84106, 0.84025, 0.83944, 0.83926, 0.83993, 0.84073, 0.84153, 0.84246, 0.8442, 0.84593, 0.84766, 0.84939, 0.85138
-30, 0.93533, 0.9327, 0.93008, 0.92745, 0.92545, 0.92492, 0.92439, 0.92386, 0.92332, 0.92427, 0.92522, 0.92617, 0.92711, 0.9286, 0.93032, 0.93204, 0.93375
-20, 1.0207, 1.0169, 1.0147, 1.0125, 1.0104, 1.0086, 1.0082, 1.008, 1.0077, 1.0078, 1.0084, 1.0095, 1.0106, 1.0118, 1.0132, 1.0148, 1.0165
-10, 1.1059, 1.1023, 1.0988, 1.0965, 1.0949, 1.0936, 1.0922, 1.0915, 1.0916, 1.0919, 1.0923, 1.0928, 1.094, 1.0953, 1.0967, 1.098, 1.0996
0, 1.1898, 1.1868, 1.1839, 1.1809, 1.1785, 1.1777, 1.1768, 1.1759, 1.1751, 1.1757, 1.1763, 1.177, 1.1776, 1.1789, 1.1803, 1.1818, 1.1832
10, 1.2733, 1.2695, 1.2672, 1.2648, 1.2626, 1.2608, 1.2602, 1.2598, 1.2594, 1.2594, 1.2599, 1.2608, 1.2618, 1.2629, 1.2641, 1.2657, 1.2672
20, 1.3566, 1.3533, 1.35, 1.3478, 1.3462, 1.3451, 1.3439, 1.3432, 1.3432, 1.3437, 1.3441, 1.3447, 1.3458, 1.3472, 1.3485, 1.3499, 1.3514
30, 1.4387, 1.4362, 1.4337, 1.4311, 1.4291, 1.4286, 1.428, 1.4274, 1.4268, 1.4277, 1.4285, 1.4293, 1.4302, 1.4315, 1.4331, 1.4346, 1.4361
40, 1.5201, 1.5173, 1.5155, 1.5137, 1.5121, 1.5111, 1.5109, 1.5109, 1.5109, 1.5114, 1.5123, 1.5135, 1.5147, 1.5161, 1.5177, 1.5193, 1.521
50, 1.6011, 1.599, 1.5968, 1.5955, 1.5947, 1.5943, 1.594, 1.594, 1.5946, 1.5956, 1.5966, 1.5977, 1.5992, 1.6009, 1.6026, 1.6043, 1.606
60, 1.681, 1.6798, 1.6785, 1.6773, 1.6765, 1.6769, 1.6772, 1.6776, 1.6779, 1.6794, 1.6809, 1.6824, 1.6838, 1.6856, 1.6874, 1.6893, 1.6911
70, 1.7595, 1.7587, 1.7583, 1.7579, 1.7578, 1.7582, 1.7591, 1.7601, 1.7612, 1.7627, 1.7645, 1.7663, 1.7681, 1.7702, 1.7722, 1.7741, 1.7759
80, 1.8371, 1.8372, 1.8373, 1.8376, 1.8383, 1.8396, 1.8408, 1.8422, 1.8438, 1.8459, 1.848, 1.8501, 1.8522, 1.8544, 1.8566, 1.8588, 1.8606
ENDTABLE



LOG_ENTRY Used Dataset: Suspension: Dive Angle (Solid Axle); { Rear } 2D Dive - 4 Link w/ Track Bar
#Library : Suspension: Dive Angle (Solid Axle)
#DataSet : 2D Dive - 4 Link w/ Track Bar
#Category: Rear
#FileID  : DiveSA_545bfd68-db48-4a11-a8d6-613b04679fe4
#Created : 05-18-2021 12:47:42
#Modified: 05-28-2021 14:59:10
#Product : CarSim 2024.1
#DataVer : 2024.1
#VehCode Dive (Solid Axle)

END
