PARSFILE
#FullDataName Powertrain: Fuel Consumption Rate`250cc`
#CheckBox0 0    

#RingCtrl0 CARPET
#RadioCtrl0 0    
#RadioCtrl1 0    

*3D_XLabel Throttle (-)
*3D_YLabel Engine speed (rpm)
*3D_ZLabel Fuel rate (kg/sec)

#DiagramTwo0
*3D_DATA 26, 19 ! columns x rows
FUEL_RATE_CARPET 2D_LINEAR
0, 0, 0.04, 0.08, 0.12, 0.16, 0.2, 0.24, 0.28, 0.32, 0.36, 0.4, 0.44, 0.48, 0.52, 0.56, 0.6, 0.64, 0.68, 0.72, 0.76, 0.8, 0.84, 0.88, 0.92, 0.96, 1
600, 8.3333e-06, 1.9444e-05, 3.0556e-05, 3.1944e-05, 3.3333e-05, 3.75e-05, 3.8889e-05, 4.1667e-05, 4.3056e-05, 4.5833e-05, 4.8611e-05, 5e-05, 5.1389e-05, 5.5556e-05, 5.6944e-05, 5.8333e-05, 6.1111e-05, 6.3889e-05, 6.6667e-05, 6.8056e-05, 6.9444e-05, 7.3611e-05, 7.5e-05, 7.6389e-05, 7.9167e-05, 8.1944e-05
800, 1.25e-05, 1.9444e-05, 4.0278e-05, 5.8333e-05, 7.0833e-05, 8.0556e-05, 8.3333e-05, 8.4722e-05, 8.6111e-05, 8.75e-05, 8.75e-05, 8.8889e-05, 9.0278e-05, 9.1667e-05, 9.1667e-05, 9.3056e-05, 9.4444e-05, 9.5833e-05, 9.7222e-05, 9.8611e-05, 9.8611e-05, 0.0001, 0.00010139, 0.00010139, 0.00010278, 0.00010417
1000, 1.6667e-05, 1.9444e-05, 3.8889e-05, 6.25e-05, 7.9167e-05, 9.1667e-05, 9.8611e-05, 0.00010417, 0.00010694, 0.00010833, 0.00010833, 0.00011111, 0.0001125, 0.0001125, 0.00011389, 0.00011528, 0.00011667, 0.00011806, 0.00011944, 0.00011944, 0.00012083, 0.00012361, 0.00012361, 0.000125, 0.00012639, 0.00012639
1200, 1.6667e-05, 2.0833e-05, 3.8889e-05, 6.3889e-05, 8.75e-05, 0.00010417, 0.00011389, 0.00012361, 0.00012778, 0.00013056, 0.00013333, 0.00013333, 0.00013472, 0.0001375, 0.0001375, 0.00014028, 0.00014167, 0.00014167, 0.00014444, 0.00014444, 0.00014722, 0.00014861, 0.00014861, 0.00015139, 0.00015139, 0.00015417
1400, 1.6667e-05, 2.3611e-05, 3.8889e-05, 6.6667e-05, 9.1667e-05, 0.0001125, 0.00013056, 0.00014028, 0.00014861, 0.00015278, 0.00015556, 0.00015833, 0.00015972, 0.00016111, 0.0001625, 0.00016528, 0.00016667, 0.00016806, 0.00016944, 0.00017222, 0.00017361, 0.000175, 0.00017639, 0.00017917, 0.00018056, 0.00018194
1600, 1.9444e-05, 2.6389e-05, 4.0278e-05, 6.6667e-05, 9.4444e-05, 0.00011944, 0.00013889, 0.00015417, 0.00016389, 0.00017361, 0.00017778, 0.00018056, 0.00018333, 0.00018333, 0.00018611, 0.0001875, 0.00019028, 0.00019167, 0.00019444, 0.00019444, 0.00019722, 0.00019861, 0.00020139, 0.00020278, 0.00020556, 0.00020694
1800, 2.0833e-05, 2.7778e-05, 3.8889e-05, 6.6667e-05, 9.4444e-05, 0.00012361, 0.00014722, 0.00016667, 0.00017778, 0.00018889, 0.00019444, 0.0002, 0.00020278, 0.00020556, 0.00020833, 0.0002125, 0.00021528, 0.00021806, 0.00022222, 0.000225, 0.00022778, 0.00023056, 0.00023333, 0.0002375, 0.00024028, 0.00024306
2000, 2.3611e-05, 3.0556e-05, 3.75e-05, 6.5278e-05, 9.5833e-05, 0.00012917, 0.00015556, 0.00017778, 0.00019444, 0.00020694, 0.00021528, 0.00022083, 0.00022639, 0.00023056, 0.00023333, 0.0002375, 0.00024167, 0.00024444, 0.00024861, 0.00025139, 0.00025556, 0.00025833, 0.0002625, 0.00026667, 0.00026944, 0.00027361
2200, 2.5e-05, 3.3333e-05, 4.1667e-05, 6.5278e-05, 9.8611e-05, 0.00013056, 0.0001625, 0.00018889, 0.0002125, 0.00022639, 0.00023889, 0.00024583, 0.00025139, 0.00025694, 0.00026111, 0.00026389, 0.00026806, 0.00027222, 0.000275, 0.00027917, 0.00028194, 0.00028611, 0.00029028, 0.00029306, 0.00029722, 0.0003
2400, 2.6389e-05, 3.6111e-05, 4.4444e-05, 6.5278e-05, 9.4444e-05, 0.00013333, 0.00016806, 0.00019861, 0.00022361, 0.00024028, 0.00025556, 0.00026528, 0.00027222, 0.00027778, 0.00028333, 0.00029028, 0.00029583, 0.00030139, 0.00030833, 0.00031389, 0.00031944, 0.000325, 0.00033056, 0.0003375, 0.00034306, 0.00034861
2800, 3.3333e-05, 3.8889e-05, 4.5833e-05, 6.5278e-05, 9.7222e-05, 0.00013333, 0.00017361, 0.00020694, 0.00023889, 0.00026528, 0.00028056, 0.00029583, 0.00030694, 0.0003125, 0.00031944, 0.00032639, 0.00033056, 0.00033611, 0.00034167, 0.00034722, 0.00035139, 0.00035694, 0.0003625, 0.00036806, 0.00037361, 0.00037917
3200, 3.75e-05, 4.4444e-05, 5.2778e-05, 6.3889e-05, 9.7222e-05, 0.00013611, 0.000175, 0.00021667, 0.00025556, 0.0002875, 0.00030972, 0.00032639, 0.00034306, 0.00036528, 0.0003875, 0.00040972, 0.00042361, 0.000425, 0.00042639, 0.00042917, 0.00043056, 0.00043194, 0.00043333, 0.00043472, 0.0004375, 0.00043889
3600, 4.3056e-05, 5.1389e-05, 6.1111e-05, 6.9444e-05, 9.4444e-05, 0.0001375, 0.00017917, 0.00022083, 0.00027222, 0.00031528, 0.00034722, 0.00038333, 0.00042361, 0.0004625, 0.0004875, 0.00049444, 0.00050139, 0.00050833, 0.0005125, 0.00051389, 0.00051667, 0.00051667, 0.00051944, 0.00051944, 0.00052083, 0.00052361
4000, 4.7222e-05, 5.8333e-05, 8.3333e-05, 0.00011806, 0.0001625, 0.00020972, 0.00025833, 0.00031667, 0.00036667, 0.00040278, 0.00043611, 0.0004875, 0.0005375, 0.0005875, 0.00060278, 0.00060833, 0.00061389, 0.00061944, 0.00062361, 0.000625, 0.00062639, 0.00062639, 0.00062917, 0.00063056, 0.00063056, 0.00063333
4400, 5.1389e-05, 6.3889e-05, 8.4722e-05, 0.00012222, 0.00016528, 0.00021806, 0.00026944, 0.00033333, 0.00039167, 0.00044306, 0.00047639, 0.00051389, 0.00056806, 0.00062083, 0.000675, 0.00070278, 0.00070833, 0.00071528, 0.00072083, 0.00072639, 0.00073056, 0.00073194, 0.00073333, 0.00073472, 0.00073611, 0.0007375
4800, 5.1389e-05, 7.3611e-05, 9.4444e-05, 0.00012083, 0.00016667, 0.00021806, 0.00027222, 0.00033611, 0.00040417, 0.00045833, 0.0005375, 0.00064028, 0.00070139, 0.000725, 0.00075, 0.00077361, 0.00079306, 0.00079861, 0.00080556, 0.00081111, 0.00081667, 0.00082222, 0.00082778, 0.00082917, 0.00083056, 0.00083056
5200, 5.8333e-05, 7.7778e-05, 9.8611e-05, 0.00011667, 0.00016389, 0.00021667, 0.00027222, 0.00034028, 0.00040972, 0.00050556, 0.00063333, 0.00069028, 0.00074722, 0.00077917, 0.00080694, 0.00083472, 0.0008625, 0.00088056, 0.00088611, 0.00089167, 0.00089722, 0.00090278, 0.00090833, 0.00091389, 0.00091944, 0.00092639
5600, 6.5278e-05, 8.3333e-05, 0.0001, 0.00011944, 0.00015972, 0.0002125, 0.00027361, 0.00035556, 0.0004625, 0.00055139, 0.0006375, 0.00070417, 0.0007625, 0.00080278, 0.00083056, 0.00085694, 0.00088472, 0.0009125, 0.000925, 0.00093056, 0.0009375, 0.00094306, 0.00094861, 0.00095556, 0.00096111, 0.00096667
5800, 7.6389e-05, 9.0278e-05, 0.00010278, 0.00011944, 0.0001625, 0.00021111, 0.00027083, 0.00035694, 0.00045972, 0.00054861, 0.00064167, 0.0007125, 0.00077222, 0.00081667, 0.00084167, 0.00086667, 0.00089167, 0.00091806, 0.00093056, 0.00093472, 0.00094028, 0.00094444, 0.00095139, 0.00095556, 0.00096111, 0.00096667
ENDTABLE



LOG_ENTRY Used Dataset: Powertrain: Fuel Consumption Rate; 250cc
#Library : Powertrain: Fuel Consumption Rate
#DataSet : 250cc
#Category: 
#FileID  : FuelRate_2dc4400d-4ea3-4d4d-8de9-69abf61912b0
#Created : 08-02-2022 09:30:04
#Modified: 08-02-2022 09:32:33
#Product : CarSim 2024.1
#DataVer : 2024.1
#VehCode Fuel Rate

END
